1522377300 2.63 1522378803.46 12.25
1522377300 2.63 1522379702.93 12.25
1522379700 2.61 1522380603.14 12.0625
1522379700 2.61 1522381507.6 11.875
1522380900 2.24 1522382404.54 11.875
1522380900 2.24 1522383302.9 11.8125
1522383300 2.01 1522384214.49 11.6875
1522383300 2.01 1522385110.77 11.6875
1522384500 2.03 1522386002.66 11.5625
1522384500 2.04 1522386912.75 11.5
1522386900 2.01 1522387803.27 11.4375
1522386900 2.01 1522388702.83 11.4375
1522388100 1.84 1522389603.72 11.4375
1522388100 1.85 1522390502.6 11.375
1522390500 1.61 1522391405.06 11.3125
1522390500 1.61 1522392303.61 11.3125
1522391700 1.43 1522393203.91 11.25
1522391700 1.44 1522394102.77 11.1875
1522394100 1.61 1522395003.52 11.125
1522394100 1.61 1522395903.03 11.0625
1522395300 1.63 1522396809.3 11.0
1522395300 1.63 1522397702.51 11.0
1522397700 1.41 1522398602.77 11.0
1522397700 1.41 1522399508.11 11.0
1522398900 1.43 1522400404.15 11.0
1522398900 1.44 1522401308.36 11.0
1522401300 1.01 1522402203.64 10.9375
1522401300 1.01 1522403107.41 10.8125
1522402500 1.21 1522404004.78 10.75
1522402500 1.21 1522404907.57 10.6875
1522404900 1.01 1522406708.55 10.5625
1522406100 1.27 1522407603.86 10.5
1522406100 1.27 1522408502.49 10.4375
1522408500 0.4 1522409404.1 10.3125
1522408500 0.4 1522410302.91 10.1875
1522409700 0.41 1522411204.26 10.0625
1522409700 0.41 1522412103.28 10.0625
1522412100 0 1522413003.27 10.25
1522412100 0 1522413903.17 10.5625
1522413300 -0.01 1522414809.11 11.0
1522413300 -0.02 1522415702.99 13.125
1522415700 0.6 1522416607.79 15.4375
1522415700 0.6 1522417503.12 14.625
1522416900 0.78 1522418402.8 14.4375
1522416900 0.78 1522419303.08 14.875
1522419300 2.6 1522420202.99 15.3125
1522419300 2.6 1522421103.12 15.8125
1522420500 2.61 1522422004.62 16.125
1522420500 2.61 1522422912.19 16.25
1522422900 3.4 1522423805.91 17.8125
1522422900 3.4 1522424702.4 18.375
1522424100 3.79 1522425602.84 19.0625
1522424100 3.79 1522426502.84 19.25
1522426500 5.6 1522427402.51 19.875
1522426500 5.6 1522428302.94 20.5
1522427700 5.6 1522429207.62 21.3125
1522427700 5.6 1522430102.11 21.75
1522430100 6.6 1522431005.62 20.625
1522430100 6.6 1522431902.78 19.25
1522431300 6.59 1522432802.67 18.875
1522431300 6.59 1522433702.53 19.0
1522433700 7.8 1522434602.42 19.0
1522433700 7.8 1522435503.0 18.8125
1522434900 7.79 1522436403.48 18.5625
1522434900 7.79 1522437303.35 19.0
1522437300 9 1522438204.47 19.625
1522437300 9 1522439103.03 19.5625
1522438500 8.99 1522440002.91 19.375
1522438500 8.99 1522440902.34 19.9375
1522440900 9.6 1522441802.34 20.375
1522440900 9.6 1522442702.58 20.5
1522442100 9.23 1522443602.96 20.5625
1522442100 9.23 1522444502.71 20.3125
1522444500 8.61 1522445402.96 20.3125
1522444500 8.61 1522446302.7 20.375
1522445700 9.21 1522447205.44 19.9375
1522445700 9.21 1522448103.23 20.25
1522448100 9.61 1522449004.01 19.625
1522448100 9.61 1522449902.24 19.8125
1522449300 10.02 1522450802.89 19.3125
1522449300 10.02 1522451702.81 18.625
1522451700 9.61 1522452602.63 17.9375
1522451700 9.61 1522453507.41 17.5625
1522452900 8.84 1522454405.53 17.1875
1522452900 8.85 1522455302.39 16.8125
1522455300 7.01 1522456203.87 16.375
1522455300 7.01 1522457107.79 15.8125
1522456500 6.64 1522458003.74 15.5
1522456500 6.65 1522458908.75 15.1875
1522458900 5.21 1522459803.84 15.0
1522458900 5.21 1522460713.01 14.625
1522460100 4.85 1522461613.2 14.625
1522460100 4.86 1522462503.31 14.5
1522462500 3.02 1522463402.48 14.375
1522462500 3.02 1522464303.66 14.25
1522463700 3.43 1522465207.71 14.1875
1522463700 3.43 1522466103.09 14.0625
1522466100 3.02 1522467002.54 13.9375
1522466100 3.02 1522467908.11 13.8125
1522467300 3.43 1522468807.1 13.75
1522467300 3.44 1522469702.49 13.75
1522469700 4.21 1522470608.75 13.5625
1522469700 4.21 1522471502.83 13.4375
1522470900 4.23 1522472402.68 13.375
1522470900 4.23 1522473303.0 13.3125
1522473300 3.79 1522474208.21 13.25
1522473300 3.79 1522475103.97 13.1875
1522474500 3.98 1522476002.84 13.1875
1522474500 3.98 1522476902.48 13.25
1522476900 4.99 1522477808.17 13.3125
1522476900 4.99 1522478702.46 13.3125
1522478100 4.98 1522479602.76 13.375
1522478100 4.98 1522480502.76 13.4375
1522480500 5.6 1522481402.74 13.5625
1522480500 5.6 1522482313.75 13.625
1522481700 5.61 1522483203.24 13.625
1522481700 5.61 1522484107.38 13.5625
1522484100 6.21 1522485008.41 13.5
1522484100 6.21 1522485902.47 13.5
1522485300 6.23 1522486802.9 13.25
1522485300 6.23 1522487703.01 13.1875
1522487700 6 1522488603.48 13.1875
1522487700 6 1522489502.86 13.0625
1522489140 5.6 1522490410.56 9.8125
1522489140 5.6 1522491302.88 10.4375
1522491300 5.61 1522492205.0 9.5625
1522491300 5.61 1522493102.79 10.0
1522492500 5.4 1522494003.83 9.1875
1522492500 5.41 1522494908.25 9.3125
1522494900 5.81 1522495804.1 11.1875
1522494900 5.81 1522496703.29 11.5625
1522496100 5.83 1522498502.75 12.0
1522498500 6.21 1522499402.95 12.1875
1522498500 6.21 1522500302.99 12.4375
1522499700 6.22 1522501203.85 12.75
1522499700 6.23 1522502108.02 13.0625
1522502100 6.21 1522503002.97 13.25
1522502100 6.21 1522503903.18 13.5
1522503300 6.41 1522504803.72 13.5625
1522503300 6.41 1522505702.69 14.125
1522505700 7.99 1522506604.32 15.875
1522505700 7.99 1522507505.55 16.9375
1522506900 8.37 1522508403.94 18.4375
1522506900 8.37 1522509302.36 18.5625
1522509300 9.41 1522510205.25 17.25
1522509300 9.41 1522511103.07 16.4375
1522510500 9.05 1522512012.4 15.0
1522510500 9.06 1522512912.27 16.25
1522512900 8.24 1522513803.6 13.9375
1522512900 8.24 1522514704.3 13.3125
1522514160 7.09 1522515607.25 15.625
1522514160 7.1 1522516503.68 15.6875
1522516500 5.8 1522517402.65 17.25
1522516500 5.8 1522518302.73 10.875
1522517700 6.04 1522519205.77 10.5
1522517700 6.04 1522520103.4 10.5625
1522520100 5.41 1522521004.02 10.5625
1522520100 5.41 1522521902.6 10.8125
1522521300 5.63 1522522808.57 10.5625
1522521300 5.63 1522523703.27 9.6875
1522523700 5.2 1522524604.62 10.125
1522523700 5.2 1522525503.27 9.8125
1522524900 5.03 1522526404.4 12.5625
1522524900 5.03 1522527303.79 13.25
1522527300 5.01 1522528202.94 14.4375
1522527300 5.01 1522529106.17 14.75
1522528500 4.44 1522530002.45 14.875
1522528500 4.44 1522530902.88 14.5625
1522530900 3.82 1522531804.08 14.3125
1522530900 3.82 1522532707.24 13.8125
1522532100 3.85 1522533602.83 14.0625
1522532100 3.85 1522534503.32 13.5625
1522534500 2.41 1522535408.62 13.625
1522534500 2.41 1522536302.97 13.375
1522535700 2.63 1522537204.65 13.3125
1522535700 2.63 1522538102.85 12.8125
1522538100 1.81 1522539003.64 12.4375
1522538100 1.81 1522539908.0 11.9375
1522539300 1.63 1522540806.19 11.4375
1522539300 1.63 1522541704.45 11.375
1522541700 0.61 1522542603.12 11.0
1522541700 0.61 1522543502.37 10.6875
1522542900 0.04 1522544407.66 10.4375
1522542900 0.05 1522545303.85 10.0
1522545300 -0.99 1522546203.01 9.8125
1522545300 -0.99 1522547104.1 9.6875
1522546500 -0.97 1522548003.38 9.4375
1522546500 -0.96 1522548902.52 9.4375
1522548900 -2.19 1522549807.47 9.0
1522548900 -2.19 1522550703.68 8.8125
1522550100 -2.18 1522551605.63 8.875
1522550100 -2.18 1522552508.75 8.5
1522552500 -3.21 1522553407.87 8.3125
1522552500 -3.21 1522554307.87 8.375
1522553700 -3.18 1522555203.43 8.25
1522553700 -3.18 1522556112.81 8.0625
1522556100 -3.99 1522557003.08 7.875
1522556100 -3.99 1522557903.29 7.8125
1522557300 -4.18 1522558805.73 7.75
1522557300 -4.18 1522559703.37 7.5625
1522559700 -4.59 1522560604.39 7.4375
1522559700 -4.59 1522561512.2 7.25
1522560900 -4.57 1522562402.6 7.1875
1522560900 -4.57 1522563307.04 7.1875
1522563300 -5 1522564202.68 7.1875
1522563300 -5 1522565107.18 7.1875
1522564500 -5.18 1522566008.29 6.9375
1522566900 -5.8 1522567803.67 6.6875
1522566900 -5.8 1522568707.41 6.6875
1522568100 -5.77 1522569602.49 6.5
1522568100 -5.77 1522570502.59 6.375
1522570500 -5.99 1522571402.43 6.25
1522570500 -5.99 1522572307.8 6.25
1522571700 -5.98 1522573205.71 6.1875
1522571700 -5.98 1522574107.9 6.125
1522574100 -6.82 1522575008.07 6.125
1522574100 -6.82 1522575903.05 6.0625
1522575300 -6.79 1522576804.31 6.0625
1522575300 -6.79 1522577702.25 6.0
1522577700 -7.19 1522578604.27 6.0
1522577700 -7.19 1522579503.85 5.9375
1522578900 -7 1522580403.13 5.9375
1522578900 -7 1522581302.25 5.9375
1522581300 -7 1522582204.4 5.9375
1522581300 -7 1522583104.34 5.9375
1522582500 -6.98 1522584003.32 6.0
1522582500 -6.98 1522584908.11 6.0625
1522584900 -6.82 1522585809.49 6.1875
1522584900 -6.82 1522586702.69 6.5
1522586100 -6.79 1522587606.33 6.875
1522586100 -6.79 1522588508.14 7.0625
1522588500 -6.6 1522589403.51 7.4375
1522588500 -6.6 1522590308.97 7.9375
1522589700 -6 1522591206.15 8.3125
1522589700 -6 1522592108.15 8.5625
1522592100 -5.82 1522593004.41 9.125
1522592100 -5.82 1522593909.6 10.125
1522593300 -5.42 1522594809.84 10.8125
1522593300 -5.42 1522595702.72 11.0625
1522595700 -4.6 1522596607.91 11.375
1522595700 -4.6 1522597508.27 12.0
1522596900 -4.22 1522598407.6 12.375
1522596900 -4.22 1522599303.22 12.875
1522599300 -3.61 1522600203.19 13.4375
1522599300 -3.63 1522601103.46 14.0
1522600500 -3.03 1522602015.52 14.5
1522600500 -3.04 1522602908.19 14.875
1522602900 -2.21 1522603804.1 15.25
1522602900 -2.21 1522604702.85 15.5
1522604100 -2.03 1522605608.88 15.625
1522604100 -2.03 1522606508.7 15.8125
1522606500 -1.82 1522607404.24 15.8125
1522606500 -1.82 1522608305.46 15.5
1522607700 -1.64 1522609205.2 15.625
1522607700 -1.65 1522610107.66 15.875
1522610100 -1.21 1522611007.81 16.125
1522610100 -1.21 1522611904.24 16.125
1522611300 -0.84 1522612805.21 16.375
1522611300 -0.84 1522613702.54 16.5
1522613700 -0.63 1522614603.81 16.3125
1522613700 -0.63 1522615503.36 16.0
1522614900 -0.64 1522616405.37 15.625
1522614900 -0.64 1522617302.93 15.25
1522617300 -0.21 1522618208.49 14.9375
1522617300 -0.21 1522619107.7 14.6875
1522618500 0.16 1522620008.39 14.8125
1522618500 0.16 1522620902.92 15.0
1522620900 0.18 1522621803.32 14.625
1522620900 0.18 1522622704.92 13.9375
1522622100 0.36 1522623607.72 14.0625
1522622100 0.35 1522624507.82 13.4375
1522624500 0.19 1522625407.69 13.125
1522624500 0.18 1522626302.69 12.5625
1522625700 0.17 1522627210.32 12.25
1522625700 0.17 1522628103.56 11.8125
1522628100 -0.61 1522629005.61 11.375
1522628100 -0.61 1522629904.21 10.9375
1522629300 -1 1522630806.63 10.6875
1522629300 -1 1522631713.34 10.375
1522631700 -2.41 1522632604.5 10.1875
1522631700 -2.41 1522633502.76 10.0
1522632900 -2.61 1522634402.84 9.8125
1522632900 -2.61 1522635308.23 9.5625
1522635300 -4.01 1522636202.97 9.4375
1522635300 -4.01 1522637104.02 9.25
1522636500 -4.43 1522638002.98 9.125
1522636500 -4.43 1522638903.43 9.0
1522638900 -4.41 1522639806.01 8.875
1522638900 -4.41 1522640703.11 8.75
1522640100 -5 1522641608.14 8.625
1522640100 -5 1522642504.94 8.5
1522642500 -5.39 1522643404.01 8.4375
1522642500 -5.39 1522644303.26 8.3125
1522643700 -5.19 1522645203.8 8.1875
1522643700 -5.19 1522646103.51 8.125
1522646100 -5.4 1522647003.25 8.0625
1522646100 -5.4 1522647904.84 7.9375
1522647300 -5.79 1522648808.09 7.8125
1522647300 -5.79 1522649704.19 7.75
1522649700 -5.82 1522650602.87 7.6875
1522649700 -5.82 1522651502.83 7.625
1522650900 -6.21 1522652404.03 7.5625
1522653300 -6.6 1522654208.47 7.375
1522653300 -6.6 1522655103.4 7.25
1522654500 -6.61 1522656005.73 7.125
1522654500 -6.61 1522656903.04 7.0625
1522656900 -7.21 1522657806.03 7.0
1522656900 -7.21 1522658703.12 6.9375
1522658100 -7.22 1522660507.69 6.75
1522660500 -7.41 1522661406.52 6.6875
1522660500 -7.41 1522662303.84 6.5625
1522661700 -7 1522663204.51 6.5625
1522661700 -7 1522664102.15 6.4375
1522664100 -7.82 1522665008.27 6.375
1522664100 -7.82 1522665903.65 6.3125
1522665300 -8.41 1522666812.64 6.1875
1522665300 -8.41 1522667702.47 6.125
1522667700 -8.6 1522668607.74 5.9375
1522667700 -8.6 1522669503.24 5.9375
1522668900 -8.79 1522670412.64 6.0
1522668900 -8.79 1522671303.42 6.1875
1522671300 -8.21 1522672204.17 6.8125
1522671300 -8.21 1522673103.56 7.5625
1522672500 -7.43 1522674005.13 8.25
1522672500 -7.44 1522674909.77 9.8125
1522674900 -5.21 1522675803.57 10.8125
1522674900 -5.21 1522676713.68 11.625
1522676100 -4.45 1522677602.85 11.875
1522676100 -4.46 1522678503.91 12.625
1522678500 -2.63 1522679404.73 12.75
1522678500 -2.63 1522680305.97 12.8125
1522679700 -2.44 1522681205.33 12.875
1522679700 -2.44 1522682103.5 13.5625
1522682100 -0.82 1522683009.78 14.0
1522682100 -0.82 1522683903.72 14.3125
1522683300 -0.61 1522684810.12 14.5
1522683300 -0.63 1522685703.28 14.5625
1522685700 0.2 1522686608.66 14.8125
1522685700 0.2 1522687504.57 15.0
1522686900 0.41 1522689304.21 15.6875
1522689300 1.4 1522690202.92 16.0625
1522689300 1.4 1522691102.84 16.6875
1522690500 1.41 1522692007.19 17.25
1522690500 1.41 1522692911.84 17.625
1522692900 2.2 1522693807.95 18.1875
1522692900 2.2 1522694707.73 18.625
1522694100 2.4 1522695607.71 18.75
1522694100 2.41 1522696502.54 18.6875
1522696500 4.21 1522697403.71 18.4375
1522696500 4.21 1522698302.58 18.5
1522697700 4.41 1522699203.63 17.8125
1522697700 4.41 1522700104.13 17.125
1522700100 5.4 1522701005.45 16.875
1522700100 5.39 1522701902.39 17.125
1522701300 6 1522702803.04 17.0625
1522701300 6 1522703701.9 16.8125
1522703700 5.2 1522704603.72 16.3125
1522703700 5.2 1522705509.69 15.9375
1522704900 5 1522706403.22 15.625
1522704900 5 1522707302.78 15.3125
1522707300 4.4 1522708202.89 15.0625
1522707300 4.4 1522709102.96 15.0625
1522708560 4.19 1522710008.91 14.625
1522708560 4.19 1522710903.57 14.3125
1522710900 3.79 1522711803.04 14.0
1522710900 3.79 1522712708.13 13.6875
1522712100 3.59 1522713603.42 13.5
1522712100 3.59 1522714502.52 13.25
1522714500 3.39 1522715405.01 13.0625
1522714500 3.39 1522716302.84 12.8125
1522715700 3 1522717207.65 12.5625
1522715700 3 1522718102.94 12.4375
1522718100 2.39 1522719003.85 12.4375
1522718100 2.39 1522719907.16 12.25
1522719300 2.19 1522720804.88 12.1875
1522719300 2.19 1522721702.77 12.125
1522721700 1.8 1522722603.98 12.0
1522721700 1.8 1522723504.54 11.875
1522723260 1.79 1522724407.95 11.875
1522723260 1.79 1522725303.19 11.75
1522725300 1.4 1522726207.34 11.75
1522725300 1.39 1522727107.56 11.6875
1522726500 1.39 1522728003.97 11.625
1522726500 1.39 1522728903.13 11.625
1522728900 1.2 1522729804.71 11.625
1522728900 1.2 1522730704.03 11.5625
1522730580 1.21 1522731607.19 11.5
1522730580 1.21 1522732508.94 11.5
1522732500 1.2 1522733403.96 11.4375
1522732500 1.2 1522734302.77 11.375
1522734300 1.21 1522735208.54 11.375
1522734300 1.21 1522736104.54 11.3125
1522736100 1.2 1522737003.32 11.3125
1522736100 1.2 1522737905.26 11.375
1522737300 1.2 1522738804.79 11.375
1522737300 1.2 1522739703.35 11.375
1522739700 2 1522740604.15 11.375
1522739700 2 1522741502.61 11.375
1522741380 2 1522742404.15 11.375
1522741380 2 1522743313.04 11.4375
1522743300 1.4 1522744203.01 11.375
1522743300 1.4 1522745103.64 11.375
1522744500 1.4 1522746005.77 11.3125
1522744500 1.4 1522746904.56 11.375
1522746900 2 1522747804.4 11.3125
1522746900 2 1522748702.78 11.375
1522748580 2 1522750504.29 11.375
1522748580 2 1522751407.17 11.3125
1522751700 1.59 1522752307.34 11.3125
1522752300 1.4 1522753209.85 11.3125
1522752300 1.4 1522754109.63 11.3125
1522754100 1.4 1522755003.16 11.25
1522754100 1.4 1522755904.14 11.1875
1522755300 1.41 1522756808.53 11.0625
1522755300 1.42 1522757702.61 11.0625
1522757700 1.4 1522758603.43 11.0625
1522757700 1.4 1522759503.56 11.0
1522758900 1.41 1522760409.36 11.0
1522758900 1.42 1522761302.47 11.125
1522761300 1.4 1522762204.21 11.1875
1522761300 1.4 1522763107.34 11.125
1522762500 1.4 1522764003.53 11.125
1522762500 1.4 1522764904.56 11.25
1522764900 1.4 1522765807.37 11.1875
1522764900 1.4 1522766703.24 11.25
1522766400 1.39 1522767612.84 11.375
1522766400 1.39 1522768508.11 11.375
1522768500 1.4 1522769402.8 11.4375
1522768500 1.4 1522770303.06 11.375
1522769700 1.59 1522771208.86 11.625
1522769700 1.59 1522772108.14 12.0
1522772100 1.61 1522773004.73 12.25
1522772100 1.61 1522773903.57 12.5
1522773300 1.6 1522774808.14 12.375
1522773300 1.6 1522775707.78 12.3125
1522775700 1.61 1522776613.07 12.125
1522775700 1.61 1522777503.42 12.1875
1522776900 1.63 1522778403.89 12.625
1522776900 1.63 1522779303.25 12.5625
1522779300 1.8 1522781103.46 12.9375
1522780980 1.79 1522782008.06 13.0
1522780980 1.79 1522782907.23 12.8125
1522782900 1.8 1522783804.83 12.75
1522782900 1.8 1522784708.12 12.75
1522784220 2 1522785611.5 13.25
1522784220 2 1522786508.24 13.25
1522786500 1.6 1522787404.23 13.5
1522786500 1.6 1522788302.44 13.1875
1522788300 1.59 1522789211.69 12.875
1522788300 1.59 1522790102.98 12.625
1522790100 1.6 1522791003.39 12.375
1522790100 1.6 1522791902.67 12.25
1522791300 1.39 1522792803.2 12.125
1522791300 1.39 1522793713.23 11.9375
1522793700 1.39 1522794607.64 11.8125
1522793700 1.39 1522795502.95 11.5625
1522795500 1.39 1522796402.77 11.375
1522795500 1.39 1522797308.06 11.3125
1522797300 1.4 1522798202.97 11.1875
1522797300 1.4 1522799102.1 11.0625
1522798500 1.2 1522800002.65 10.9375
1522798500 1.2 1522800907.88 10.875
1522800900 0.4 1522801809.01 10.6875
1522800900 0.39 1522802707.54 10.5
1522802700 0.39 1522803603.07 10.3125
1522802700 0.39 1522804512.83 10.1875
1522804500 0.2 1522805409.2 10.125
1522804500 0.2 1522806308.04 10.0
1522805700 0.4 1522807206.47 9.875
1522805700 0.41 1522808104.01 9.6875
1522808100 0.01 1522809002.93 9.5
1522808100 0.01 1522809902.13 9.625
1522809300 -0.18 1522810808.46 9.375
1522809300 -0.17 1522811708.27 9.125
1522811700 -1.19 1522812616.62 9.1875
1522811700 -1.19 1522813508.32 8.875
1522812900 -1.77 1522814410.11 8.5625
1522812900 -1.77 1522815309.1 8.3125
1522815300 -2.4 1522816203.19 8.1875
1522815300 -2.4 1522817103.27 8.0625
1522816500 -2.79 1522818009.65 8.0625
1522816500 -2.79 1522818908.4 7.9375
1522818900 -3.6 1522820702.76 7.5625
1522820100 -4.18 1522821604.0 7.25
1522820100 -4.18 1522822502.91 7.0
1522822500 -5 1522823403.76 6.875
1522822500 -5 1522824303.04 6.875
1522823700 -5.19 1522825205.79 6.6875
1522823700 -5.19 1522826102.74 6.5625
1522826100 -6.01 1522827005.14 6.4375
1522826100 -6.01 1522827903.98 6.3125
1522827300 -6.41 1522828803.76 6.3125
1522827300 -6.41 1522829708.91 6.1875
1522829700 -7.2 1522830604.17 6.0625
1522829700 -7.2 1522831505.04 6.0
1522830900 -7.4 1522832408.94 6.0
1522830900 -7.4 1522833302.26 5.8125
1522833300 -8 1522834202.85 5.75
1522833300 -8 1522835103.05 5.6875
1522834500 -7.99 1522836002.87 5.625
1522834500 -7.99 1522836915.41 5.375
1522836900 -8.6 1522837804.69 5.1875
1522836900 -8.6 1522838707.66 5.0
1522838100 -8.79 1522839610.13 4.75
1522838100 -8.79 1522840505.52 4.5625
1522840500 -8.99 1522841403.95 4.5625
1522840500 -8.99 1522842308.49 4.625
1522841700 -9.2 1522844109.03 4.8125
1522844100 -9.2 1522845008.67 5.375
1522844100 -9.2 1522845902.95 5.875
1522845300 -8.8 1522846835.57 6.625
1522845300 -8.79 1522847708.21 8.9375
1522847700 -8.6 1522848603.1 9.75
1522847700 -8.6 1522849503.74 10.5
1522848900 -8.41 1522850404.49 11.0625
1522848900 -8.41 1522851303.26 11.5625
1522851300 -7.2 1522852209.39 11.625
1522851300 -7.2 1522853107.07 11.625
1522852500 -7 1522854007.08 11.625
1522852500 -7 1522854903.1 11.625
1522854900 -6.6 1522855805.22 11.1875
1522854900 -6.6 1522856702.46 10.8125
1522856100 -6.21 1522857608.71 10.8125
1522856100 -6.21 1522858508.14 10.4375
1522858500 -4.6 1522859404.46 10.375
1522858500 -4.6 1522860308.35 10.25
1522859700 -4 1522861209.88 10.0625
1522859700 -4 1522862107.88 10.0625
1522862100 -2.8 1522863009.5 9.9375
1522862100 -2.8 1522863903.29 10.125
1522863300 -2.59 1522864812.41 9.9375
1522863300 -2.59 1522865704.26 9.875
1522865700 -1.8 1522866603.66 9.75
1522865700 -1.8 1522867504.88 9.9375
1522866900 -1.59 1522868405.09 9.9375
1522866900 -1.59 1522869305.67 10.0
1522869300 -0.59 1522870202.58 9.9375
1522869300 -0.59 1522871103.68 10.0
1522870500 -0.57 1522872008.73 10.0625
1522870500 -0.57 1522872902.63 10.125
1522872900 0.01 1522873808.36 10.1875
1522872900 0.01 1522874702.64 10.1875
1522874100 0.03 1522875606.61 10.3125
1522874100 0.03 1522876503.48 10.375
1522876500 0.41 1522877407.42 10.375
1522876500 0.41 1522878304.73 10.5625
1522877700 0.43 1522879205.0 10.625
1522877700 0.44 1522880109.4 10.6875
1522880100 0.61 1522881015.5 10.3125
1522880100 0.61 1522881904.49 10.5625
1522881300 0.43 1522882803.51 10.5625
1522881300 0.44 1522883702.63 10.4375
1522883700 0.21 1522884614.18 10.375
1522883700 0.21 1522885502.39 10.125
1522884900 0.05 1522886407.37 9.9375
1522884900 0.05 1522887302.85 9.6875
1522887300 -1.18 1522888202.73 9.5
1522887300 -1.18 1522889108.43 9.1875
1522888500 -1.55 1522890004.31 9.0
1522888500 -1.54 1522890902.14 8.875
1522890900 -2.6 1522891807.83 8.8125
1522890900 -2.6 1522892723.75 8.6875
1522892100 -2.59 1522893609.52 8.5625
1522892100 -2.58 1522894508.03 8.5
1522894500 -2.99 1522895403.71 8.4375
1522894500 -2.99 1522896304.31 8.4375
1522895700 -2.98 1522897207.57 8.4375
1522895700 -2.98 1522898102.94 8.5
1522898100 -2.59 1522899909.48 8.5
1522899300 -2.77 1522900805.52 8.5
1522899300 -2.77 1522901710.62 8.5
1522901700 -2.99 1522902609.36 8.5625
1522901700 -2.99 1522903502.31 8.5
1522902900 -2.98 1522904403.53 8.4375
1522902900 -2.98 1522905302.7 8.4375
1522905300 -2.79 1522906212.02 8.3125
1522905300 -2.79 1522907102.03 8.1875
1522906500 -2.97 1522908007.81 8.0
1522906500 -2.97 1522908903.17 7.875
1522908900 -4.18 1522909804.05 7.75
1522908900 -4.18 1522910708.07 7.8125
1522910100 -3.97 1522911606.68 7.8125
1522912500 -4.39 1522913403.19 8.0
1522912500 -4.39 1522914308.46 8.0
1522913700 -4.39 1522915204.99 8.0
1522916100 -3.8 1522917004.13 8.125
1522916100 -3.8 1522917903.34 8.1875
1522917300 -3.98 1522918816.53 8.25
1522917300 -3.98 1522919702.61 8.1875
1522919700 -3.4 1522920604.84 8.25
1522919700 -3.4 1522921502.33 8.25
1522920900 -3.39 1522922408.76 8.1875
1522920900 -3.39 1522923302.09 8.125
1522923300 -2.99 1522924208.06 8.1875
1522923300 -2.99 1522925102.87 8.25
1522924500 -2.78 1522926014.92 8.25
1522924500 -2.78 1522926907.76 8.1875
1522926900 -2.6 1522927805.58 8.1875
1522926900 -2.6 1522928708.93 8.1875
1522928100 -2.59 1522929609.83 8.25
1522928100 -2.58 1522930503.89 8.4375
1522930500 -2.19 1522931411.76 8.6875
1522930500 -2.19 1522932302.86 9.125
1522931700 -1.98 1522933206.24 9.5
1522931700 -1.98 1522934108.44 9.5
1522934100 -1.99 1522935004.35 9.5625
1522934100 -1.99 1522935907.82 9.625
1522935300 -1.79 1522936812.67 9.8125
1522935300 -1.79 1522937717.19 10.0625
1522937700 -0.99 1522938603.68 10.25
1522937700 -0.99 1522939502.82 10.8125
1522938900 -0.59 1522940410.44 11.6875
1522938900 -0.59 1522941303.5 12.5625
1522941300 0.41 1522942213.2 14.1875
1522941300 0.41 1522943104.1 15.0625
1522942500 0.21 1522944004.5 15.4375
1522942500 0.22 1522944902.63 15.375
1522944900 2.41 1522945807.69 15.3125
1522944900 2.41 1522946703.02 15.6875
1522946100 2.63 1522947608.19 16.9375
1522946100 2.64 1522948508.99 16.6875
1522948500 4.02 1522949402.99 17.375
1522948500 4.02 1522950306.35 17.625
1522949700 4.45 1522951203.72 18.3125
1522949700 4.45 1522952102.81 19.125
1522952100 5.42 1522953003.22 19.375
1522952100 5.42 1522953902.83 19.375
1522953300 6.22 1522954812.42 18.375
1522953300 6.22 1522955702.92 18.1875
1522955700 7.4 1522956603.45 18.0625
1522955700 7.4 1522957502.67 18.875
1522956900 7.61 1522958403.19 19.25
1522956900 7.61 1522959302.93 19.75
1522959300 8.01 1522960203.12 20.0625
1522959300 8.01 1522961102.1 20.25
1522960500 7.82 1522962003.24 20.125
1522960500 7.82 1522962902.45 19.8125
1522962900 8.21 1522963813.08 19.4375
1522962900 8.21 1522964702.07 19.25
1522964100 7.84 1522965603.04 19.0625
1522964100 7.85 1522966503.34 18.625
1522966500 7.62 1522967403.23 17.25
1522966500 7.62 1522968302.71 17.5
1522967700 7.64 1522969206.92 17.3125
1522967700 7.65 1522970107.97 16.9375
1522970100 7.81 1522971007.84 16.625
1522970100 7.81 1522971903.11 16.4375
1522971300 7.24 1522972804.9 16.0625
1522971300 7.25 1522973702.43 15.6875
1522973700 6.42 1522974602.6 15.375
1522973700 6.42 1522975507.61 15.0625
1522974900 6.26 1522976406.48 14.75
1522974900 6.27 1522977307.7 14.5
1522977300 5.22 1522978202.89 14.1875
1522977300 5.22 1522979104.98 13.9375
1522978500 4.87 1522980005.25 13.6875
1522978500 4.88 1522980902.82 13.4375
1522980900 3.23 1522981803.99 13.25
1522980900 3.23 1522982702.08 13.0625
1522982100 3.09 1522983607.63 12.8125
1522982100 3.11 1522984503.21 12.5
1522984500 2.63 1522985403.94 12.375
1522984500 2.64 1522986305.05 12.125
1522985700 2.29 1522987202.48 11.9375
1522988100 1.43 1522989004.24 11.6875
1522988100 1.44 1522989902.8 11.625
1522989300 1.67 1522990809.17 11.625
1522989300 1.68 1522991707.53 11.5625
1522991700 1.63 1522992604.04 11.5625
1522991700 1.63 1522993502.45 11.5625
1522992900 1.47 1522994405.64 11.5625
1522992900 1.49 1522995308.08 11.625
1522995300 1.42 1522996207.5 11.6875
1522995300 1.42 1522997102.91 11.5625
1522996500 1.64 1522998008.45 11.5625
1522996500 1.64 1522998902.62 11.5
1522998900 2.41 1522999807.9 11.375
1522998900 2.41 1523000707.21 11.1875
1523000100 2.22 1523001610.8 11.125
1523000100 2.23 1523002513.14 11.0
1523002500 1.62 1523003407.89 10.9375
1523002500 1.62 1523004304.0 10.8125
1523003700 1.64 1523005209.77 10.5
1523003700 1.65 1523006103.08 10.1875
1523006100 1.01 1523007003.04 10.125
1523006100 1.01 1523007908.79 10.0
1523007300 0.84 1523008808.13 9.625
1523007300 0.84 1523009703.1 9.5625
1523009700 -0.59 1523010604.22 9.3125
1523009700 -0.59 1523011503.25 9.25
1523011380 -0.8 1523012412.32 8.9375
1523011380 -0.8 1523013303.9 8.875
1523013300 -1.4 1523014207.77 8.5625
1523013300 -1.4 1523015104.55 8.5625
1523014500 -1.38 1523016009.77 8.625
1523014500 -1.38 1523016908.09 8.4375
1523016900 -1.99 1523017804.96 8.4375
1523016900 -1.99 1523018707.65 8.625
1523018100 -1.98 1523019622.6 8.9375
1523018100 -1.98 1523020502.48 8.9375
1523020500 -1.8 1523021405.37 9.3125
1523020500 -1.8 1523022308.19 9.8125
1523021700 -1.79 1523023205.11 10.0625
1523021700 -1.79 1523024102.62 10.125
1523024100 -1.8 1523025003.63 10.75
1523024100 -1.8 1523025902.56 11.3125
1523025300 -1.78 1523026804.16 11.8125
1523025300 -1.78 1523027703.37 11.875
1523027700 -2 1523028606.83 12.1875
1523027700 -2 1523029502.78 12.0
1523028900 -2.18 1523030405.17 12.3125
1523028900 -2.18 1523031302.56 13.4375
1523031300 -2.39 1523032207.88 13.3125
1523031300 -2.39 1523033102.9 13.1875
1523032500 -2.38 1523034006.4 13.625
1523032500 -2.38 1523034906.09 13.4375
1523034900 -2 1523035802.92 12.75
1523034900 -2 1523036708.23 11.5
1523036100 -2.2 1523037605.58 11.875
1523036100 -2.2 1523038503.14 12.1875
1523038500 -2.6 1523039404.8 10.625
1523038500 -2.6 1523040307.48 10.375
1523039700 -2.79 1523041203.55 10.5
1523039700 -2.79 1523042113.13 10.3125
1523042100 -2.6 1523043008.1 10.5
1523042100 -2.6 1523043903.77 10.0
1523043300 -2.41 1523044805.21 10.75
1523043300 -2.41 1523045703.67 11.125
1523045700 -1.8 1523046602.61 11.375
1523045700 -1.8 1523047502.41 11.6875
1523046900 -1.8 1523048404.84 12.25
1523046900 -1.8 1523049303.01 12.25
1523049300 -1.6 1523050204.71 12.625
1523049300 -1.6 1523051102.65 12.1875
1523050500 -1.79 1523052007.94 11.5625
1523050500 -1.79 1523052904.11 11.5
1523052900 -2.2 1523053804.54 11.25
1523052900 -2.2 1523054704.39 11.5625
1523052900 -2.2 1523055604.13 10.8125
1523052900 -2.21 1523056507.49 10.5
1523056500 -2.41 1523057408.26 9.875
1523056500 -2.41 1523058303.69 9.5625
1523057700 -2.59 1523059204.85 9.25
1523057700 -2.58 1523060103.2 8.8125
1523060100 -3.19 1523061004.18 8.625
1523060100 -3.19 1523061907.92 8.25
1523061300 -3.57 1523062809.15 7.875
1523061300 -3.57 1523063702.59 7.6875
1523063700 -4.99 1523064607.52 7.5
1523063700 -4.99 1523065503.12 7.4375
1523064900 -5.17 1523066406.01 7.125
1523066100 -5.8 1523067302.79 6.9375
1523067300 -5.8 1523068208.05 6.9375
1523067300 -5.8 1523069107.69 6.75
1523068500 -5.77 1523070002.86 6.5625
1523068500 -5.77 1523070902.89 6.375
1523070900 -6.59 1523071803.0 6.1875
1523070900 -6.59 1523072704.75 6.1875
1523072100 -6.58 1523073604.41 6.0
1523072100 -6.58 1523074502.77 6.0
1523074500 -7 1523075402.66 5.9375
1523074500 -7 1523076303.31 5.875
1523075700 -7.38 1523077205.52 5.625
1523076900 -8 1523078102.97 5.5
1523078100 -7.82 1523079002.5 5.375
1523078100 -7.82 1523079902.52 5.25
1523079300 -7.79 1523080803.7 5.1875
1523079300 -7.78 1523081702.56 5.0
1523081700 -8.01 1523082603.43 4.8125
1523081700 -8.01 1523083503.33 4.8125
1523082900 -8.19 1523084405.96 4.875
1523082900 -8.19 1523085301.95 4.8125
1523085300 -8.4 1523086207.61 4.5625
1523085300 -8.4 1523087102.57 4.5
1523086500 -8.38 1523088007.7 4.4375
1523086500 -8.38 1523088903.87 4.125
1523088900 -8.6 1523089803.54 4.125
1523088900 -8.6 1523090705.23 4.0
1523090100 -8.59 1523091603.84 3.9375
1523090100 -8.59 1523092504.88 3.9375
1523092500 -8.99 1523093407.87 3.9375
1523092500 -8.99 1523094308.04 3.875
1523093700 -9.18 1523095207.39 3.8125
1523093700 -9.17 1523096104.31 3.75
1523096100 -9.2 1523097003.79 3.75
1523096100 -9.2 1523097904.27 3.75
1523097300 -9.18 1523098806.35 3.75
1523097300 -9.17 1523099703.61 3.6875
1523099700 -9.59 1523100607.93 3.625
1523099700 -9.59 1523101513.28 3.6875
1523100900 -9.58 1523102410.51 3.8125
1523100900 -9.58 1523103307.93 4.375
1523100900 -9.57 1523104205.15 4.9375
1523100900 -10.02 1523105102.99 6.1875
1523104500 -9.01 1523106006.83 7.5625
1523104500 -9.02 1523106903.97 10.125
1523106900 -8.21 1523107804.56 10.5625
1523106900 -8.22 1523108712.7 11.3125
1523108100 -7.42 1523109607.95 11.9375
1523108100 -7.43 1523110504.5 12.375
1523110500 -6.41 1523111409.66 12.375
1523110500 -6.41 1523112308.13 12.125
1523111700 -5.63 1523113210.04 12.5625
1523111700 -5.63 1523114103.76 12.3125
1523114100 -4.21 1523115004.3 12.125
1523114100 -4.22 1523115904.05 12.125
1523115300 -3.23 1523116806.48 11.8125
1523115300 -3.23 1523117703.98 11.4375
1523117700 -2.21 1523118607.45 11.125
1523117700 -2.21 1523119503.94 11.1875
1523118900 -1.82 1523120405.63 11.3125
1523118900 -1.82 1523121304.71 11.1875
1523121300 -0.41 1523122208.36 11.1875
1523121300 -0.41 1523123108.02 11.0
1523122500 -0.03 1523124005.53 11.0
1523122500 -0.04 1523124904.69 10.875
1523124900 0.99 1523125818.59 10.9375
1523124900 0.99 1523126708.46 11.0
1523126100 1 1523127605.48 11.0625
1523126100 1 1523128503.46 11.0
1523128500 2.2 1523129402.31 11.25
1523128500 2.19 1523130304.32 11.6875
1523129700 2.2 1523131204.92 11.6875
1523129700 2.2 1523132110.12 11.75
1523132100 2.8 1523133002.34 11.625
1523132100 2.8 1523133903.56 11.875
1523133300 3.2 1523134808.98 11.9375
1523133300 3.2 1523135702.97 12.0625
1523135700 3.6 1523136603.48 12.0
1523135700 3.6 1523137503.62 12.0
1523136900 3.82 1523138407.77 12.0625
1523136900 3.82 1523139303.53 12.125
1523139300 3.4 1523140204.28 12.0625
1523139300 3.4 1523141105.18 11.9375
1523140500 3.22 1523142008.53 11.625
1523140500 3.22 1523142902.79 11.5
1523142900 2.8 1523143803.79 11.375
1523142900 2.8 1523144704.06 11.0625
1523144100 2.64 1523145608.88 10.8125
1523145120 2.23 1523146510.37 10.4375
1523146500 1.8 1523147405.6 10.125
1523146500 1.79 1523148303.05 9.75
1523147700 1.26 1523149208.56 9.5625
1523147700 1.27 1523150107.87 9.4375
1523150100 -0.39 1523151008.23 9.25
1523150100 -0.39 1523151907.56 9.125
1523151300 -1.34 1523152803.48 9.0
1523151300 -1.33 1523153707.62 8.875
1523153700 -2.21 1523154605.1 8.6875
1523153700 -2.21 1523155504.19 8.625
1523154900 -2.16 1523156409.08 8.5
1523154900 -2.16 1523157308.15 8.375
1523157300 -2.99 1523158202.78 8.3125
1523157300 -2.99 1523159102.4 8.1875
1523158500 -3.57 1523160003.79 8.125
1523158500 -3.57 1523160902.86 8.0625
1523160900 -4.2 1523161804.99 7.9375
1523160900 -4.19 1523162702.86 7.8125
1523162100 -4.57 1523163604.34 7.75
1523162100 -4.57 1523164502.48 7.6875
1523164500 -5.42 1523165409.11 7.625
1523164500 -5.42 1523166307.92 7.5
1523165700 -5.38 1523167208.98 7.4375
1523165700 -5.38 1523168108.33 7.375
1523168100 -6.02 1523169007.72 7.25
1523168100 -6.02 1523169903.01 7.1875
1523169300 -6.18 1523170804.49 7.125
1523169300 -6.18 1523171707.33 7.0625
1523171700 -6.6 1523172602.63 6.9375
1523171700 -6.6 1523173507.91 6.8125
1523172900 -6.76 1523174407.94 6.8125
1523172900 -6.75 1523175307.32 6.6875
1523175300 -7.21 1523176203.56 6.625
1523175300 -7.21 1523177108.25 6.5
1523176500 -7.38 1523178007.96 6.4375
1523177520 -7.38 1523178902.33 6.3125
1523178900 -7.61 1523179804.77 6.25
1523178900 -7.61 1523180702.59 6.1875
1523180100 -8 1523181606.06 6.0625
1523180100 -8 1523182504.66 6.0
1523182500 -8.4 1523183412.91 5.9375
1523182500 -8.4 1523184307.92 5.875
1523183700 -8.58 1523185203.8 5.8125
1523183700 -8.58 1523186102.7 5.75
1523186100 -8.4 1523187002.66 5.6875
1523186100 -8.4 1523187908.36 5.8125
1523187300 -8.02 1523188806.09 6.0625
1523187300 -8.02 1523189703.97 6.8125
1523189700 -7.8 1523190609.05 7.3125
1523189700 -7.8 1523191508.45 7.75
1523191920 -6.05 1523193308.91 11.25
1523193300 -4.45 1523194202.61 10.6875
1523193300 -4.45 1523195108.6 10.5
1523194500 -3.24 1523196007.93 10.6875
1523194500 -3.25 1523196907.83 10.75
1523196900 -1.82 1523197802.63 11.125
1523196900 -1.82 1523198704.24 11.75
1523198100 -1.42 1523199604.28 12.1875
1523198100 -1.43 1523200503.34 12.5625
1523200500 -0.22 1523201408.43 13.25
1523200500 -0.22 1523202309.29 13.8125
1523201700 0.17 1523203206.71 14.375
1523201700 0.17 1523204103.49 14.6875
1523204100 0.79 1523205003.82 14.75
1523204100 0.79 1523205908.02 15.25
1523205300 1.17 1523206805.51 15.5
1523205300 1.17 1523207702.89 15.625
1523207700 1.4 1523208609.04 15.5
1523207700 1.4 1523209507.35 15.0625
1523208900 1.39 1523210404.46 14.6875
1523208900 1.38 1523211308.92 14.25
1523211300 1.6 1523212204.04 13.9375
1523211300 1.6 1523213108.21 13.75
1523212500 1.21 1523214004.03 13.8125
1523212500 1.21 1523214907.45 14.0625
1523214900 1.21 1523215804.9 14.0
1523214900 1.21 1523216703.04 13.5625
1523216460 0.2 1523217606.34 12.9375
1523216460 0.2 1523218502.63 12.125
1523218500 -0.4 1523219403.2 11.5625
1523218500 -0.4 1523220307.96 11.3125
1523220060 -0.58 1523221206.11 11.125
1523220060 -0.58 1523222103.05 10.8125
1523222100 -0.79 1523223005.01 10.5625
1523222100 -0.79 1523223914.51 10.4375
1523223300 -1.2 1523224805.56 10.3125
1523223300 -1.2 1523225708.81 10.125
1523225700 -1.19 1523226604.64 9.9375
1523225700 -1.19 1523227508.13 9.6875
1523226900 -1.61 1523228403.92 9.5
1523226900 -1.63 1523229303.62 9.375
1523229300 -1.8 1523230204.28 9.25
1523229300 -1.8 1523231103.33 9.0625
1523230500 -1.82 1523232010.42 8.875
1523230500 -1.82 1523232902.9 8.6875
1523232900 -1.8 1523233807.33 8.5625
1523232900 -1.82 1523234702.88 8.4375
1523234100 -1.8 1523235610.11 8.3125
1523234100 -1.8 1523236508.47 8.1875
1523236500 -1.82 1523237402.46 8.125
1523236500 -1.82 1523238302.85 8.0
1523237700 -1.8 1523239205.37 7.9375
1523237700 -1.8 1523240103.69 7.875
1523240100 -1.82 1523241013.15 7.8125
1523240100 -1.82 1523241908.01 7.6875
1523241780 -1.8 1523242805.46 7.6875
1523241780 -1.8 1523243704.28 7.6875
1523243700 -1.82 1523244607.45 7.625
1523243700 -1.82 1523245508.9 7.625
1523244900 -1.8 1523246403.71 7.5625
1523244900 -1.8 1523247309.06 7.4375
1523247300 -1.8 1523248208.72 7.4375
1523247300 -1.8 1523249103.42 7.375
1523248680 -1.8 1523250907.48 7.3125
1523250900 -2.01 1523251808.31 7.25
1523250900 -2.01 1523252708.85 7.25
1523252580 -2 1523253609.67 7.25
1523253780 -2 1523254520.55 7.1875
1523254500 -2.01 1523255404.08 7.1875
1523254500 -2.01 1523256308.62 7.1875
1523255700 -2 1523257206.31 7.1875
1523255700 -2 1523258104.27 7.25
1523258100 -2.01 1523259004.45 7.1875
1523259180 -2.01 1523259915.07 7.125
1523259300 -2 1523260810.95 7.125
1523259300 -2 1523261708.17 7.0625
1523261700 -2.01 1523262607.78 7.0625
1523261700 -2.01 1523263506.99 7.0
1523262900 -2 1523264411.33 7.0625
1523262900 -2 1523265319.92 7.0625
1523265300 -2.01 1523266213.96 7.0
1523265300 -2.01 1523267111.16 7.0625
1523266500 -2.2 1523268020.75 7.0
1523266500 -2.2 1523268913.43 7.0
1523268900 -1.8 1523269823.99 6.9375
1523268900 -1.8 1523270721.27 7.0
1523270100 -1.8 1523271637.78 6.9375
1523270100 -1.82 1523272558.42 6.9375
1523272500 -1.6 1523273446.99 6.9375
1523273700 -1.8 1523274418.29 7.0
1523273700 -1.8 1523275209.57 7.0625
1523273700 -1.8 1523276102.69 7.1875
1523276100 -1.82 1523277008.46 7.25
1523276100 -1.82 1523277907.6 7.3125
1523277300 -1.79 1523278811.49 7.4375
1523277300 -1.79 1523279702.48 7.5625
1523279700 -1.6 1523280607.86 7.6875
1523279700 -1.6 1523281503.13 7.875
1523281260 -1 1523282411.04 8.1875
1523281260 -1 1523283307.81 8.625
1523283300 -1 1523284205.98 9.125
1523283300 -1 1523285103.76 9.8125
1523284860 -0.61 1523286003.85 10.4375
1523284860 -0.61 1523286907.43 11.625
1523286900 -0.21 1523287806.11 11.5
1523286900 -0.21 1523288704.8 12.25
1523288100 0.38 1523289625.39 12.75
1523288100 0.38 1523290503.03 13.5
1523290500 0.39 1523291404.06 13.9375
1523290500 0.39 1523292304.44 14.875
1523291700 0.8 1523293206.18 16.375
1523291700 0.8 1523294108.07 16.8125
1523294100 1.21 1523295007.75 15.625
1523294100 1.21 1523295904.53 16.625
1523295300 1.41 1523296807.71 16.125
1523295300 1.41 1523297702.95 15.8125
1523297700 1.2 1523298604.36 15.75
1523297700 1.2 1523299507.99 15.0
1523298900 1.6 1523300409.02 15.5625
1523298900 1.6 1523301303.12 14.9375
1523301300 1.81 1523302206.49 15.6875
1523301300 1.81 1523303103.72 15.1875
1523302500 2.4 1523304003.92 15.75
1523302500 2.4 1523304902.34 14.4375
1523303700 2.2 1523305816.17 14.125
1523303700 2.2 1523306708.14 14.1875
1523306100 2.19 1523307603.69 15.0625
1523306100 2.19 1523308505.1 14.4375
1523308500 2.6 1523309402.91 13.6875
1523308500 2.6 1523310303.85 13.6875
1523309820 2.4 1523311201.97 13.8125
1523309820 2.4 1523312108.07 13.6875
1523312100 2.8 1523313005.82 13.75
1523312100 2.8 1523313907.52 13.625
1523313300 2.41 1523314805.08 13.5625
1523313300 2.42 1523315707.48 13.25
1523315700 2.79 1523316605.53 12.9375
1523315700 2.79 1523317503.24 12.1875
1523316900 2.62 1523318410.53 11.625
1523316900 2.62 1523319313.32 11.25
1523319300 2 1523320203.41 11.0
1523319300 2 1523321103.24 10.6875
1523320500 1.63 1523322004.31 10.375
1523321520 1.25 1523322904.77 10.1875
1523322900 0.99 1523323805.15 10.0
1523324100 0.82 1523324712.93 9.9375
1523324100 0.81 1523325607.53 9.8125
1523325120 0.83 1523326505.34 9.75
1523326500 0.6 1523327402.12 9.75
1523326500 0.6 1523328303.55 9.6875
1523327700 0.03 1523329203.71 9.4375
1523327700 0.04 1523330103.58 9.125
1523330100 -0.6 1523331003.3 8.8125
1523330100 -0.6 1523331907.43 8.625
1523331300 -0.95 1523332809.42 8.4375
1523331300 -0.95 1523333709.51 8.25
1523333700 -1.61 1523334607.13 8.0625
1523333700 -1.61 1523335503.44 7.9375
1523334900 -1.59 1523336408.12 7.8125
1523334900 -1.58 1523337302.97 7.6875
1523337300 -2 1523338205.27 7.5625
1523337300 -2 1523339104.26 7.4375
1523338500 -2 1523340008.78 7.3125
1523338500 -2 1523340907.53 7.25
1523340900 -2.39 1523341809.31 7.125
1523340900 -2.39 1523342703.5 7.0
1523342100 -2.57 1523343604.09 6.9375
1523342100 -2.57 1523344503.94 6.8125
1523344500 -3.4 1523345409.6 6.6875
1523345700 -3.38 1523346310.08 6.625
1523345700 -3.58 1523347209.62 6.5
1523346720 -3.57 1523348104.97 6.375
1523348100 -3.99 1523349021.99 6.3125
1523348100 -3.99 1523349903.25 6.25
1523349300 -3.77 1523350803.47 6.1875
1523350320 -3.76 1523351707.88 6.125
1523351700 -4 1523352608.07 6.0625
1523351700 -4 1523353507.61 6.0
1523352900 -4.38 1523354406.32 5.9375
1523352900 -4.38 1523355303.8 5.8125
1523355300 -4.8 1523356208.1 5.75
1523355300 -4.8 1523357107.94 5.6875
1523356500 -4.98 1523358003.97 5.625
1523356500 -4.97 1523358902.47 5.5625
1523358900 -5 1523359806.47 5.5
1523358900 -4.99 1523360707.08 5.5
1523360100 -5.17 1523361603.43 5.6875
1523360100 -5.16 1523362503.04 6.125
1523362500 -5.01 1523363402.93 6.8125
1523362500 -5.01 1523364312.89 8.0625
1523363700 -4 1523365203.36 9.8125
1523363700 -4 1523366104.76 11.5
1523366100 -2.41 1523367008.58 12.1875
1523366100 -2.41 1523367903.37 12.875
1523367300 -2.23 1523368806.81 13.375
1523367300 -2.23 1523369707.97 14.0625
1523369700 0.18 1523370729.85 14.4375
1523369700 0.18 1523371504.24 14.75
1523370900 0.16 1523372407.64 14.8125
1523370900 0.15 1523373302.63 14.8125
1523373300 1.79 1523374209.0 14.8125
1523373300 1.79 1523375103.63 15.0
1523374500 1.77 1523376003.86 14.8125
1523374500 1.77 1523376903.79 15.4375
1523376900 2.79 1523377804.02 15.875
1523376900 2.79 1523378702.39 16.1875
1523376900 2.79 1523379604.46 16.25
1523376900 2.79 1523380502.61 16.125
1523376900 2.79 1523381402.8 16.75
1523376900 2.78 1523382302.62 16.5625
1523383203 4.4 1523383204.39 17.75
1523383920 4.4 1523384102.24 18.5625
1523385004 4.4 1523385005.05 18.8125
1523385901 4.4 1523385905.42 18.8125
1523385300 4.5 1523386802.56 19.0625
1523385300 4.5 1523387702.53 18.6875
1523385300 4.5 1523388605.51 18.6875
1523388900 4.21 1523389503.46 18.625
1523390100 4.74 1523390408.15 18.75
1523390100 5.19 1523391305.51 18.25
1523391300 5.59 1523392203.01 17.9375
1523391300 5.59 1523393109.87 18.1875
1523391300 5.59 1523394013.48 17.9375
1523393520 6.16 1523394902.88 17.9375
1523392500 5.76 1523395803.43 17.375
1523394900 6.99 1523396703.31 17.125
1523396100 7.19 1523397608.05 16.8125
1523396100 7.19 1523398502.88 16.75
1523398500 8.17 1523399408.42 16.75
1523398500 8.16 1523400302.72 16.375
1523399700 8.4 1523401203.57 16.0625
1523399700 8.4 1523402103.05 15.8125
1523402100 8.58 1523403007.26 15.75
1523402100 8.58 1523403908.29 15.4375
1523403300 8.81 1523404803.45 14.9375
1523403300 8.81 1523405703.6 14.375
1523405700 8.37 1523406612.72 13.9375
1523405700 8.37 1523407509.76 13.4375
1523406900 7.43 1523409308.02 12.875
1523409300 5.79 1523410204.39 12.4375
1523409300 5.78 1523411103.56 12.125
1523410500 5.22 1523412004.28 11.875
1523410500 5.22 1523412907.96 11.6875
1523412900 3.98 1523413807.15 11.5
1523412900 3.98 1523414702.62 11.4375
1523414100 3.79 1523415602.33 11.375
1523415300 3.81 1523416512.46 11.25
1523416500 3.78 1523417406.57 11.0625
1523416500 3.77 1523418302.21 10.9375
1523416500 3.77 1523419203.36 10.8125
1523416500 3.76 1523420107.5 10.75
1523416500 3.75 1523421009.45 10.75
1523416500 6 1523421907.59 10.75
1523422769 1.13 1523422803.81 10.6875
1523423701 1.13 1523423708.06 10.5625
1523423700 2.27 1523424603.73 10.5
1523423700 2.26 1523425503.0 10.4375
1523424900 2.33 1523426407.28 10.375
1523424900 2.33 1523427303.39 10.375
1523427300 3.18 1523428205.12 10.3125
1523427300 3.17 1523429103.65 10.25
1523428500 3.22 1523430008.48 10.25
1523429520 3.38 1523430907.9 10.1875
1523430900 3.37 1523431812.47 10.125
1523430900 3.37 1523432707.95 10.125
1523432100 3.03 1523433604.24 10.0625
1523432100 3.04 1523434503.37 10.0
1523434500 2.98 1523435407.87 9.9375
1523434500 2.98 1523436308.03 9.875
1523435700 2.84 1523437208.69 9.8125
1523435700 2.85 1523438102.79 9.75
1523438100 2.18 1523439007.85 9.6875
1523438100 2.18 1523439904.23 9.625
1523439300 1.81 1523440809.45 9.625
1523440320 1.59 1523441708.07 9.6875
1523441700 1.59 1523442608.48 9.75
1523441700 1.59 1523443510.33 9.75
1523443920 1.16 1523445302.56 9.9375
1523445300 0.97 1523446208.33 10.0
1523445300 0.97 1523447107.7 10.0625
1523446500 1.19 1523448004.43 10.25
1523447520 1.15 1523448903.43 10.5
1523448900 0.77 1523449802.89 10.625
1523448900 0.77 1523450703.62 11.75
1523450100 1.18 1523451603.08 12.75
1523450100 1.18 1523452503.24 14.6875
1523452500 3.39 1523453405.76 15.875
1523452500 3.38 1523454308.14 16.75
1523453700 4.77 1523455203.68 17.5
1523453700 4.77 1523456102.64 18.375
1523456100 7.38 1523457002.11 18.875
1523456100 7.38 1523457902.15 19.25
1523457300 8.97 1523458802.52 19.625
1523457300 8.96 1523459703.69 20.0
1523459700 11.19 1523460604.47 20.125
1523466900 14.19 1523467803.25 23.875
1523466900 14.19 1523468702.74 24.3125
1523468100 14.36 1523469606.18 24.6875
1523468100 14.36 1523470502.63 25.125
1523470500 16 1523471404.13 25.125
1523470500 16 1523472302.28 24.5625
1523471700 16 1523473203.76 24.0625
1523471700 16 1523474102.08 23.875
1523474100 16 1523475002.83 24.0625
1523475300 16 1523477702.07 24.0
1523477700 16.21 1523478602.55 24.0
1523477700 16.21 1523479502.67 23.75
1523478900 16.41 1523480403.53 22.9375
1523478900 16.42 1523481302.95 22.5
1523481300 16.21 1523482203.55 22.0
1523481300 16.21 1523483107.4 21.6875
1523482500 16.22 1523484003.48 21.25
1523482500 16.22 1523484902.27 20.875
1523484900 15.81 1523485808.1 20.375
1523484900 15.81 1523486702.49 19.875
1523486100 15.82 1523487602.32 19.4375
1523486100 15.82 1523488501.96 19.0
1523488500 14.81 1523489403.42 18.75
1523488500 14.81 1523490307.19 18.5625
1523489700 14.63 1523491202.87 18.3125
1523489700 14.64 1523492102.08 18.0625
1523492100 14.43 1523493003.59 17.875
1523492100 14.43 1523493903.23 17.75
1523493300 13.88 1523494807.89 17.6875
1523493300 13.89 1523495702.28 17.5625
1523495700 13.22 1523496602.61 17.4375
1523495700 13.22 1523497507.02 17.3125
1523496900 13.07 1523498418.01 17.25
1523496900 13.08 1523499305.56 17.1875
1523499300 11.82 1523500209.04 17.0
1523499300 11.82 1523501103.54 16.8125
1523500500 11.86 1523502005.3 16.75
1523500500 11.87 1523502902.32 16.6875
1523502900 12.01 1523503802.94 16.5625
1523502900 12.01 1523504707.76 16.5
1523504100 12.04 1523505603.06 16.375
1523504100 12.04 1523506508.32 16.1875
1523506500 12.21 1523507402.88 16.0625
1523506500 12.21 1523508302.6 15.9375
1523507700 11.83 1523509203.37 15.875
1523507700 11.84 1523510117.46 15.8125
1523510100 11.41 1523511008.25 15.5625
1523510100 11.41 1523511903.05 15.375
1523511300 11.63 1523512802.12 15.3125
1523511300 11.63 1523513707.48 15.125
1523513700 11.41 1523514607.56 14.9375
1523513700 11.41 1523515501.85 14.8125
1523514900 11.24 1523516407.91 14.625
1523514900 11.24 1523517302.29 14.5625
1523517300 10.01 1523518203.53 14.375
1523517300 10.01 1523519107.45 14.3125
1523518500 10.01 1523520008.26 14.1875
1523518500 10.01 1523521032.53 14.125
1523520900 10.23 1523522702.64 13.9375
1523522100 10.07 1523523603.49 13.875
1523522100 10.07 1523524502.06 13.9375
1523524500 9.63 1523525404.07 13.875
1523524500 9.64 1523526302.47 13.875
1523525700 10.67 1523527205.56 13.875
1523525700 10.69 1523528102.54 13.9375
1523528100 9.42 1523529002.7 14.0
1523528100 9.42 1523529902.91 14.0
1523529300 9.23 1523530804.68 14.0
1523529300 9.23 1523531704.62 14.0
1523531700 8.23 1523532609.77 14.0
1523531700 8.23 1523533503.19 14.0
1523532900 7.69 1523534402.48 14.0625
1523532900 7.7 1523535308.45 14.0625
1523535300 7.21 1523536204.09 14.3125
1523535300 7.21 1523537109.79 15.25
1523536500 7.63 1523538909.6 18.8125
1523538900 9.42 1523539810.14 19.0625
1523538900 9.42 1523540708.59 19.5
1523540100 10.02 1523541603.19 20.0625
1523540100 10.02 1523542507.39 20.5
1523542500 11.21 1523543402.79 20.375
1523542500 11.21 1523544305.92 20.6875
1523543700 11.62 1523545208.68 20.8125
1523543700 11.63 1523546107.52 21.0
1523546100 13.01 1523547006.98 20.8125
1523546100 13.01 1523547902.81 20.6875
1523547300 13.62 1523548803.26 20.75
1523547300 13.63 1523549727.58 20.9375
1523549700 14.82 1523550602.27 21.125
1523549700 14.82 1523551503.27 21.6875
1523550900 15.23 1523552403.16 22.125
1523550900 15.24 1523553317.25 22.0
1523553300 15.82 1523554208.25 22.8125
1523553300 15.82 1523555103.65 23.625
1523554500 16.04 1523556002.59 23.3125
1523554500 16.05 1523557031.11 23.5625
1523556900 17.02 1523557802.65 24.25
1523556900 17.03 1523558703.32 24.75
1523558100 17.06 1523559605.7 24.9375
1523558100 17.07 1523560502.29 25.0
1523560500 17.82 1523561402.43 24.9375
1523560500 17.82 1523562302.84 25.125
1523561700 17.65 1523563202.84 24.75
1523561700 17.66 1523564102.83 24.5625
1523564100 18.42 1523565001.98 24.625
1523564100 18.42 1523565902.73 24.75
1523565300 18.45 1523566802.66 24.4375
1523565300 18.46 1523567702.1 24.75
1523567700 18.82 1523568602.56 24.5625
1523567700 18.82 1523569502.1 24.0625
1523568900 19.04 1523571302.73 23.6875
1523571300 19.41 1523572202.33 23.3125
1523571300 19.41 1523573102.56 23.25
1523572500 19.06 1523574002.9 22.875
1523572500 19.07 1523574902.34 22.0625
1523574900 18.42 1523575807.23 21.75
1523574900 18.42 1523576702.74 21.375
1523576100 17.87 1523577602.23 20.9375
1523576100 17.88 1523578502.69 20.5
1523578500 16.83 1523579402.14 20.0
1523578500 16.83 1523580306.5 19.5625
1523579700 16.67 1523581213.49 19.0625
1523579700 16.69 1523582109.15 19.0
1523583300 15.27 1523584806.26 18.4375
1523583300 15.28 1523585706.4 18.3125
1523585700 14.83 1523586609.1 18.125
1523586900 14.68 1523588404.54 17.9375
1523586900 14.69 1523589322.62 17.8125
1523589300 14.23 1523590209.47 17.6875
1523589300 14.23 1523591104.35 17.5625
1523590500 14.07 1523592011.79 17.4375
1523590500 14.09 1523592904.93 17.3125
1523592900 13.62 1523593810.7 17.1875
1523592900 13.62 1523594705.35 17.0625
1523594100 13.66 1523595647.7 17.0
1523594100 13.66 1523596509.46 16.875
1523596500 13.22 1523597413.6 16.75
1523597700 12.68 1523599209.64 16.5
1523597700 12.69 1523600105.74 16.3125
1523600100 12.22 1523601040.35 16.125
1523600100 12.22 1523601908.64 15.9375
1523601300 12.06 1523602802.59 15.8125
1523601300 12.07 1523603704.32 15.625
1523603700 10.82 1523604604.18 15.5
1523603700 10.82 1523605508.47 15.4375
1523604900 10.85 1523606404.82 15.1875
1523607300 9.61 1523608205.67 14.5625
1523607300 9.61 1523609108.95 14.25
1523608500 9.06 1523610005.84 14.0625
1523608500 9.06 1523610907.99 13.9375
1523610900 7.81 1523612709.24 13.5
1523612100 7.45 1523613603.85 13.375
1523612100 7.45 1523614502.61 13.25
1523614500 7.02 1523615403.96 13.0
1523614500 7.02 1523616304.63 13.0
1523615700 6.84 1523617212.37 12.9375
1523615700 6.85 1523618103.69 12.875
1523618100 6.41 1523619008.61 12.8125
1523618100 6.41 1523619902.62 12.8125
1523619300 6.24 1523620809.36 12.8125
1523619300 6.25 1523621702.72 12.9375
1523621700 6.01 1523622604.88 13.0625
1523621700 6.01 1523623507.13 13.25
1523622900 6.02 1523624404.36 13.625
1523622900 6.02 1523625305.6 14.9375
1523625300 6.4 1523626221.58 15.4375
1523625300 6.4 1523627135.95 16.4375
1523626500 6.41 1523628009.67 17.0625
1523626500 6.42 1523628911.58 17.625
1523628900 7.02 1523629813.44 18.25
1523628900 7.02 1523630713.39 18.125
1523630100 7.63 1523631617.61 17.9375
1523630100 7.63 1523632513.4 18.0625
1523632500 8.42 1523633404.97 18.25
1523632500 8.43 1523634308.77 18.0
1523633700 8.46 1523635205.44 18.1875
1523633700 8.47 1523636104.95 17.625
1523637300 8.66 1523638807.92 17.1875
1523637300 8.66 1523639703.43 16.75
1523639700 8.42 1523640609.25 16.25
1523639700 8.42 1523641508.27 16.0625
1523640900 8.45 1523642433.73 16.9375
1523640900 8.46 1523643330.08 17.6875
1523643300 8.01 1523644205.22 18.0
1523643300 8.01 1523645132.41 17.5
1523644500 8.61 1523646007.64 17.125
1523644500 8.61 1523646908.65 16.5
1523646900 9.41 1523647808.45 16.75
1523646900 9.41 1523648704.89 17.0
1523648100 9.43 1523650506.33 18.8125
1523650500 9.61 1523651405.51 19.6875
1523651700 9.64 1523653216.0 19.3125
1523651700 9.64 1523654109.22 19.5625
1523654100 9.62 1523655004.78 19.375
1523654100 9.62 1523655929.1 19.25
1523655300 9.46 1523656806.67 19.0
1523655300 9.47 1523657708.37 18.4375
1523657700 9.42 1523658608.59 18.6875
1523657700 9.42 1523659511.08 17.6875
1523658900 8.88 1523660408.2 17.75
1523658900 8.89 1523661305.1 16.8125
1523661300 8.43 1523662209.13 16.3125
1523661300 8.44 1523663143.86 15.75
1523662500 8.3 1523664024.72 15.1875
1523664900 7.23 1523665824.54 14.625
1523664900 7.24 1523666703.32 14.3125
1523666100 7.09 1523667608.67 14.0
1523666100 7.11 1523668521.63 13.75
1523668500 6.02 1523669411.33 13.5625
1523668500 6.03 1523670321.1 13.375
1523669700 6.05 1523671203.42 13.25
1523669700 6.06 1523672109.64 13.0625
1523672100 5.21 1523673009.57 12.875
1523672100 5.21 1523673903.28 12.75
1523673300 5.23 1523674808.95 12.625
1523675700 5.02 1523676608.19 12.3125
1523675700 5.02 1523677502.4 12.1875
1523676900 5.04 1523678408.17 12.0625
1523676900 5.05 1523679307.7 11.9375
1523679300 4.21 1523680212.83 11.875
1523679300 4.21 1523681124.03 11.75
1523680500 4.01 1523682010.22 11.625
1523680500 4.02 1523682920.22 11.5
1523682900 3.62 1523684703.71 11.125
1523684100 3.65 1523685604.86 10.9375
1523684100 3.65 1523686505.16 10.8125
1523686500 3.22 1523688327.19 10.625
1523690100 2.81 1523691013.92 10.3125
1523690100 2.81 1523691906.98 10.25
1523691300 2.82 1523692809.61 10.1875
1523691300 2.82 1523693710.93 10.125
1523693700 2.61 1523694610.39 10.0625
1523693700 2.61 1523695512.57 9.3125
1523694900 2.63 1523696416.93 9.125
1523694900 2.63 1523697315.77 8.875
1523697300 2.41 1523698229.69 8.875
1523698620 2.4 1523700010.31 8.5
1523698620 2.4 1523700910.76 8.375
1523700900 2.41 1523701807.21 8.375
1523700900 2.41 1523702708.2 8.3125
1523702100 2.41 1523703607.82 8.1875
1523704500 2.21 1523705449.9 8.4375
1523704500 2.21 1523706312.17 8.375
1523705700 2.22 1523707214.11 8.3125
1523705700 2.23 1523708116.17 8.375
1523708100 2.2 1523709005.93 8.4375
1523709300 2 1523710837.45 8.3125
1523709300 2 1523711721.82 8.4375
1523711700 2.2 1523712605.74 8.5
1523712900 3 1523714539.0 8.4375
1523715300 3 1523716211.03 8.5625
1523715300 3 1523717143.53 8.625
1523716500 3 1523718011.24 8.75
1523718900 3.01 1523719830.73 8.625
1523718900 3.01 1523720746.12 8.625
1523720460 2.99 1523722527.36 8.5625
1523722500 3 1523724319.58 8.75
1523726100 3.2 1523727024.68 8.9375
1523727300 3.2 1523728815.01 8.9375
1523727300 3.2 1523729714.4 9.25
1523734500 3.62 1523736007.55 9.6875
1523734500 3.63 1523736944.76 9.3125
1523736900 3.21 1523737812.54 9.6875
1523738100 3.23 1523740520.61 8.9375
1523740500 3.01 1523741412.75 8.875
1523740500 3.01 1523742326.46 8.6875
1523741700 3.01 1523743222.89 8.625
1523741700 3.01 1523744164.8 8.875
1523744100 2.81 1523745025.96 9.3125
1523744100 2.81 1523745914.13 9.6875
1523747700 2.61 1523749508.82 8.75
1523748900 2.63 1523751311.31 8.4375
1523751300 2.21 1523752229.38 8.3125
1523754900 1.61 1523755814.48 8.0625
1523756100 1.61 1523757624.19 7.875
1523758500 1.6 1523759416.7 7.5625
1523758500 1.61 1523760314.82 7.625
1523762100 1.4 1523763009.15 7.375
1523762100 1.4 1523763913.1 7.25
1523763300 1.01 1523764811.24 7.625
1523763300 1.02 1523765710.67 7.5625
1523765700 0.8 1523766605.72 7.5625
1523765700 0.8 1523767513.26 7.4375
1523766900 0.83 1523769308.58 7.0625
1523769300 0.41 1523770208.06 7.0
1523769300 0.41 1523771103.35 6.9375
1523770500 0.05 1523772006.34 6.9375
1523770500 0.05 1523772903.59 6.875
1523772900 -0.39 1523773807.88 6.75
1523772900 -0.39 1523774705.97 6.625
1523774100 -0.36 1523775606.37 6.6875
1523774100 -0.35 1523776504.52 6.75
1523776500 -0.6 1523777402.63 6.6875
1523776500 -0.6 1523778308.16 6.75
1523777700 -0.58 1523779208.01 6.6875
1523777700 -0.58 1523780102.55 6.6875
1523780100 -0.79 1523781904.82 6.625
1523781480 -0.97 1523782808.1 6.5625
1523781480 -0.97 1523783708.68 6.5625
1523783700 -1.2 1523784604.12 6.5
1523783700 -1.2 1523785506.95 6.4375
1523784900 -1.2 1523786409.21 6.4375
1523784900 -1.2 1523787313.19 6.3125
1523787300 -1.2 1523788208.21 6.3125
1523787300 -1.2 1523789104.73 6.3125
1523788500 -1.19 1523790005.58 6.3125
1523788500 -1.19 1523790904.0 6.25
1523790900 -1.19 1523791803.64 6.1875
1523790900 -1.19 1523792703.68 6.125
1523792220 -1.19 1523793609.09 6.0
1523792220 -1.18 1523794508.16 6.0625
1523794500 -1.2 1523795404.55 6.0
1523796300 -1.8 1523797204.87 6.0
1523796300 -1.8 1523798108.73 6.0
1523798100 -1.8 1523799003.74 6.0
1523798100 -1.8 1523799936.29 6.25
1523799300 -1.8 1523800804.55 6.3125
1523799300 -1.8 1523801703.96 6.5625
1523801700 -1.8 1523803504.98 7.125
1523802960 -1.8 1523804403.23 7.375
1523805300 -1.61 1523806212.83 7.25
1523805300 -1.61 1523807107.94 7.4375
1523806680 -1.4 1523808013.52 7.8125
1523806680 -1.4 1523808912.56 7.875
1523808900 -1 1523809813.37 8.0625
1523808900 -1 1523810744.1 8.875
1523810280 -1 1523811623.44 9.375
1523810280 -1 1523812505.91 10.0
1523812500 -0.41 1523813445.6 10.5
1523816100 -0.4 1523817014.24 11.6875
1523816100 -0.39 1523817914.44 11.5
1523817840 -0.6 1523818811.3 11.25
1523817840 -0.6 1523819707.12 11.6875
1523819700 -0.19 1523821502.65 14.0625
1523820900 -0.38 1523822410.23 13.5
1523820900 -0.38 1523823308.72 12.375
1523823300 -0.2 1523824215.42 11.5625
1523823300 -0.2 1523825109.46 11.6875
1523826900 -0.79 1523827815.18 10.75
1523826900 -0.79 1523828715.6 10.5
1523828100 -0.99 1523829607.6 9.8125
1523828100 -0.99 1523830504.92 9.6875
1523830500 -1.4 1523831404.24 9.4375
1523832120 -1.4 1523833206.92 9.0625
1523832120 -1.4 1523834107.88 8.9375
1523834100 -2 1523835008.7 8.75
1523834100 -2 1523835904.55 8.375
1523835300 -2.2 1523836824.89 7.875
1523837700 -2.6 1523838609.38 7.3125
1523837700 -2.6 1523839510.37 6.9375
1523839260 -3 1523840406.02 6.625
1523839260 -2.99 1523841313.61 6.375
1523841300 -2.99 1523842213.12 6.3125
1523841300 -2.99 1523843104.78 6.1875
1523842680 -2.99 1523844007.55 6.0
1523842680 -2.98 1523844910.93 5.8125
1523844900 -3.2 1523845811.83 5.8125
1523844900 -3.2 1523846704.93 5.6875
1523846100 -3.18 1523847614.09 5.5625
1523846100 -3.17 1523848517.64 5.5
1523848500 -3.21 1523849413.65 5.4375
1523848500 -3.21 1523850308.64 5.4375
1523850120 -3 1523852124.92 5.4375
1523852100 -3.21 1523853010.22 5.4375
1523853300 -3.2 1523854810.83 6.0625
1523855700 -3 1523856609.64 6.25
1523855700 -3 1523857508.8 6.3125
1523856900 -3.18 1523858409.26 6.375
1523856900 -3.18 1523859304.84 6.25
1523859300 -3 1523860207.71 6.25
1523859300 -3 1523861116.91 6.25
1523860500 -2.79 1523862010.6 6.375
1523860500 -2.79 1523862907.34 6.4375
1523862900 -2.8 1523863810.12 6.3125
1523862900 -2.8 1523864704.44 6.3125
1523864100 -2.99 1523865609.26 6.125
1523864100 -2.99 1523866505.71 6.125
1523868240 -3.21 1523870114.37 5.8125
1523870100 -3.4 1523871009.77 5.8125
1523870100 -3.4 1523871903.47 5.75
1523871300 -3.59 1523872806.39 5.75
1523871300 -3.59 1523873708.37 5.8125
1523873700 -3.6 1523874613.63 5.6875
1523873700 -3.6 1523875507.37 5.875
1523874900 -3.58 1523877314.2 5.625
1523877300 -3.8 1523879110.03 5.6875
1523878500 -3.79 1523880904.9 5.8125
1523880900 -3.4 1523881810.61 5.875
1523880900 -3.4 1523882704.1 6.125
1523882100 -3.39 1523884508.98 6.625
1523884500 -3 1523885412.74 7.1875
1523884500 -3 1523886304.65 8.25
1523885700 -3 1523887207.77 8.4375
1523885700 -3 1523888104.24 9.25
1523888100 -2.2 1523889004.72 9.0
1523888100 -2.2 1523889904.67 9.0625
1523889300 -2 1523890822.26 9.5
1523889300 -2 1523891705.18 10.375
1523891700 -2 1523892608.41 10.75
1523891700 -2 1523893514.71 11.25
1523892900 -2 1523894404.05 11.6875
1523895300 -1 1523896221.73 11.4375
1523895300 -1 1523897108.31 11.625
1523898900 0.59 1523899809.63 11.6875
1523898900 0.59 1523900702.92 11.5
1523900100 0.81 1523901614.22 12.0625
1523900100 0.82 1523902522.62 12.25
1523902500 1 1523903409.35 12.6875
1523902500 1 1523904306.01 12.3125
1523903700 1.02 1523905205.93 12.75
1523906100 1.6 1523907015.44 13.25
1523906100 1.6 1523907905.77 14.125
1523907300 1.41 1523908805.69 14.1875
1523907300 1.42 1523909705.24 14.1875
1523909700 1.6 1523910606.25 14.5625
1523909700 1.61 1523911505.35 13.8125
1523910900 1.43 1523912405.56 13.4375
1523910900 1.44 1523913305.86 13.1875
1523913300 1.4 1523914210.14 12.8125
1523913300 1.4 1523915105.61 13.0625
1523914500 1.63 1523916009.29 12.75
1523914500 1.63 1523916913.93 12.4375
1523916900 1.21 1523917816.78 12.5
1523916900 1.21 1523918712.38 12.5
1523918100 0.84 1523919604.61 11.875
1523918100 0.84 1523920506.39 11.375
1523920500 0.81 1523921407.99 10.8125
1523920500 0.81 1523922306.55 10.375
1523921700 0.63 1523923208.88 10.1875
1523921700 0.63 1523924114.14 10.125
1523927700 -0.19 1523928622.41 9.0
1523927700 -0.19 1523929510.02 8.8125
1523928900 -0.18 1523930406.52 8.6875
1523928900 -0.17 1523931316.9 8.5625
1523931300 -0.6 1523932223.93 8.5
1523931300 -0.6 1523933109.24 8.4375
1523932500 -0.59 1523934008.12 8.4375
1523932500 -0.59 1523934913.65 8.4375
1523934900 -0.6 1523935812.5 8.3125
1523934900 -0.6 1523936715.88 8.3125
1523936100 -0.79 1523937628.39 8.25
1523936100 -0.79 1523938507.61 8.25
1523938500 -1 1523939404.67 8.25
1523939700 -1.19 1523941211.04 8.375
1523939700 -1.19 1523942125.06 8.25
1523942100 -1.19 1523943008.79 8.25
1523942100 -1.19 1523943949.02 8.0625
1523943300 -1.18 1523944815.89 7.8125
1523943300 -1.18 1523945721.43 7.5625
1523945700 -1.59 1523946618.05 7.625
1523945700 -1.59 1523947508.77 7.5
1523946900 -1.58 1523948411.02 7.4375
1523946900 -1.58 1523949314.07 7.375
1523949300 -2.01 1523950211.63 7.25
1523949300 -2.01 1523951115.36 7.25
1523950500 -2.21 1523952014.64 7.0625
1523954100 -2.63 1523956510.66 6.75
1523956500 -3.01 1523957408.25 6.6875
1523956500 -3.01 1523958322.71 6.625
1523957700 -3.02 1523959209.66 6.5625
1523957700 -3.02 1523960119.2 6.5625
1523961300 -3.21 1523963712.3 6.5
1523963700 -3.61 1523964618.68 6.4375
1523963700 -3.61 1523965545.33 6.5625
1523964900 -3.61 1523966409.85 6.875
1523968500 -2.24 1523970012.41 11.8125
1523968500 -2.24 1523970914.57 14.8125
1523970900 -0.61 1523971810.49 16.5
1523972100 -0.42 1523973613.24 15.0625
1523972100 -0.43 1523974512.36 15.3125
1523974500 1 1523975408.76 15.25
1523974500 1 1523976317.03 15.25
1523975700 1 1523977247.62 15.25
1523975700 1 1523978103.47 15.1875
1523978100 2.4 1523979022.22 14.9375
1523978100 2.4 1523979914.81 14.9375
1523981700 3.4 1523982610.15 14.5
1523981700 3.4 1523983505.79 14.5
1523982900 3.61 1523984406.28 14.5625
1523982900 3.61 1523985317.06 14.25
1523985300 4.61 1523986210.04 14.25
1523985300 4.61 1523987106.03 14.3125
1523986500 5.03 1523988009.97 14.25
1523986500 5.03 1523988904.39 14.375
1523988900 5.81 1523989804.5 14.5625
1523990100 6.03 1523991606.38 14.8125
1523990100 6.03 1523992505.53 14.75
1523992500 6.61 1523993419.55 14.9375
1523992500 6.61 1523994304.1 15.0
1523993700 6.82 1523995209.33 15.0
1523993700 6.83 1523996108.98 15.1875
1523996100 7.77 1523997005.96 15.1875
1523996100 7.77 1523997913.94 15.4375
1523997300 8.02 1523998865.78 15.5
1523997300 8.03 1523999705.82 15.75
1524000900 8.45 1524002409.46 16.125
1524000900 8.46 1524003319.14 16.125
1524003300 8.42 1524004209.78 16.125
1524003300 8.42 1524005104.36 16.0
1524004500 8.45 1524006008.1 15.6875
1524004500 8.46 1524006904.57 15.375
1524006900 8.42 1524007807.92 14.875
1524006900 8.42 1524008709.09 14.5
1524008100 8.26 1524009604.87 14.125
1524008100 8.27 1524010505.5 13.5625
1524010500 7.02 1524011409.03 10.375
1524011700 6.47 1524014111.28 11.8125
1524014100 4.82 1524015014.64 11.625
1524014100 4.82 1524015902.58 11.4375
1524015300 4.47 1524017709.19 11.0625
1524017700 3.42 1524019519.31 10.75
1524018900 3.06 1524020403.97 10.5625
1524018900 3.07 1524021309.05 10.75
1524021300 2.82 1524023113.1 10.1875
1524022500 2.65 1524024005.51 10.0
1524024900 2.02 1524025810.19 9.375
1524024900 2.02 1524026714.84 9.6875
1524026100 2.05 1524027610.64 9.625
1524026100 2.05 1524028513.75 9.5
1524028500 1.61 1524030314.73 9.25
1524029700 1.43 1524031209.1 9.1875
1524029700 1.44 1524032112.46 9.125
1524032100 1.01 1524033027.95 9.0625
1524035700 0.41 1524036614.92 8.75
1524035700 0.41 1524037516.7 8.875
1524036900 0.43 1524038408.39 8.9375
1524039300 0.41 1524040212.12 8.6875
1524040500 0.43 1524042019.05 8.5
1524042900 0.81 1524044712.16 8.0
1524047700 0.8 1524049209.02 7.875
1524047700 0.8 1524050115.62 7.75
1524051300 0.8 1524052853.47 7.875
1524112500 0.01 1524114962.55 7.625
1524114900 0.2 1524115862.51 7.6875
1524114900 0.2 1524116762.03 7.75
1524116100 0.21 1524117662.53 7.75
1524116100 0.21 1524118562.64 7.8125
1524118500 0.4 1524119462.11 7.8125
1524118500 0.41 1524120362.53 7.875
0 0 1524121262.55 7.875
1524119700 0.4 1524122162.39 7.8125
0 0 1524123061.91 7.9375
1524122100 0 1524123962.47 7.6875
1524123300 0.01 1524124862.43 7.6875
1524123300 0.01 1524125762.72 7.8125
1524125700 -0.39 1524126662.47 7.8125
1524125700 -0.39 1524127562.57 7.9375
1524126900 -0.82 1524128461.78 7.875
0 0 1524129361.92 7.8125
1524129300 -1.19 1524130262.33 7.8125
0 0 1524131162.71 7.75
1524130500 -1.35 1524132062.29 7.625
1524130500 -1.34 1524132962.48 7.4375
1524132900 -1.78 1524133862.58 7.3125
1524132900 -1.78 1524134762.07 7.0625
1524134100 -1.94 1524135661.98 7.0625
1524134100 -1.93 1524136562.41 7.0
1524136500 -2.58 1524137462.62 7.0625
0 0 1524138361.78 7.25
1524137700 -2.15 1524139262.4 7.75
1524137700 -2.14 1524140162.06 8.4375
1524140100 -1.78 1524141062.31 9.125
1524140100 -1.78 1524141962.46 10.1875
0 0 1524142861.93 12.0
1524141300 -1.55 1524143762.43 17.3125
0 0 1524144662.73 20.5625
0 0 1524145561.95 14.8125
0 0 1524146462.35 14.4375
0 0 1524147361.87 14.4375
0 0 1524148262.81 15.25
0 0 1524149161.94 15.4375
0 0 1524150062.77 15.4375
0 0 1524150961.89 15.4375
1524150900 3.62 1524151861.92 15.6875
1524150900 3.62 1524152762.66 15.625
0 0 1524153661.81 15.5625
0 0 1524154562.32 15.5
0 0 1524155461.97 15.4375
1524154500 5.62 1524156362.39 15.25
0 0 1524157261.96 15.25
0 0 1524158162.67 15.125
0 0 1524159062.15 14.875
0 0 1524159962.16 15.0625
1524159300 6.83 1524160861.98 14.9375
0 0 1524161762.66 14.75
0 0 1524162662.45 14.8125
0 0 1524163561.81 14.9375
1524162900 8.83 1524164461.81 15.0
0 0 1524165361.74 15.0
0 0 1524166262.58 15.3125
1524165300 9.81 1524167162.49 15.1875
0 0 1524168062.25 15.1875
0 0 1524168962.21 15.125
0 0 1524169862.47 15.5
1524168900 10.41 1524170761.91 15.5
0 0 1524171661.9 15.5
0 0 1524172562.65 15.75
0 0 1524173462.3 15.75
1524172500 10.82 1524174361.83 15.9375
0 0 1524175262.62 15.9375
0 0 1524176161.92 16.0625
1524176100 10.81 1524177962.78 16.0
0 0 1524177062.68 16.125
0 0 1524178862.77 15.75
0 0 1524179762.55 15.5
1524179700 10.41 1524180662.46 15.0
1524179700 10.41 1524181562.44 14.6875
0 0 1524182462.35 14.25
1524180900 10.43 1524183362.32 13.875
1524183300 8.82 1524184262.4 13.5
1524183300 8.82 1524185162.4 13.0
1524184500 8.27 1524186061.88 12.5625
0 0 1524186962.33 12.25
1524186900 5.43 1524187861.92 11.875
0 0 1524188762.22 11.625
1524188100 5.67 1524189661.9 11.3125
0 0 1524190562.58 11.1875
1524190500 4.22 1524191462.11 10.9375
1524190500 4.23 1524192362.4 10.8125
1524191700 3.49 1524193262.39 10.625
1524191700 3.51 1524194162.39 10.5
1524194100 2.24 1524195062.23 10.3125
0 0 1524195962.61 10.1875
0 0 1524196862.65 10.0625
1524195300 2.11 1524197762.7 9.9375
1524197700 1.63 1524198662.46 9.75
1524197700 1.64 1524199562.45 9.5625
0 0 1524200462.28 9.4375
0 0 1524201362.6 9.375
0 0 1524202262.15 9.25
1524201300 0.21 1524203162.1 9.125
0 0 1524204062.06 9.0625
0 0 1524204962.55 9.0625
1524204900 -0.98 1524205861.8 8.9375
1524204900 -0.98 1524206761.92 8.9375
0 0 1524207662.05 8.6875
1524206100 -0.95 1524208562.71 8.5625
1524208500 -2.19 1524210362.51 8.3125
0 0 1524209462.48 8.4375
0 0 1524211262.42 8.1875
0 0 1524212162.14 8.125
0 0 1524213062.75 8.0
0 0 1524213961.88 7.9375
1524213300 -2.58 1524214862.26 7.875
1524213300 -2.58 1524215762.32 7.8125
1524215700 -2.79 1524216662.22 7.8125
0 0 1524217562.17 7.8125
0 0 1524218462.11 7.75
0 0 1524219361.71 7.75
0 0 1524220262.2 7.625
1524219300 -2.99 1524221162.34 7.5
0 0 1524222061.7 7.375
0 0 1524222961.68 7.3125
1524222900 -2.99 1524223862.22 7.375
0 0 1524224761.84 7.5
0 0 1524225661.72 8.1875
0 0 1524226562.36 9.25
0 0 1524227462.44 9.5625
0 0 1524228362.07 11.0
0 0 1524229262.51 13.4375
0 0 1524230162.21 20.5625
0 0 1524231061.94 24.0
0 0 1524231962.35 16.125
0 0 1524232861.79 15.9375
0 0 1524233762.31 16.25
0 0 1524234662.7 16.5625
0 0 1524235562.28 16.8125
0 0 1524236461.79 16.8125
0 0 1524237362.21 16.9375
0 0 1524238262.0 17.3125
0 0 1524239162.46 17.4375
0 0 1524240061.85 17.1875
0 0 1524240962.24 16.75
0 0 1524242762.68 16.375
0 0 1524241862.69 16.875
1524242100 11.19 1524243661.97 16.1875
0 0 1524244562.04 15.75
0 0 1524245462.45 15.8125
0 0 1524246361.68 15.875
0 0 1524247262.1 15.875
0 0 1524248162.01 15.8125
0 0 1524249062.63 16.0
0 0 1524249962.05 15.9375
0 0 1524250862.42 16.125
0 0 1524251761.79 16.1875
0 0 1524252662.66 16.25
0 0 1524253562.12 16.4375
0 0 1524254462.64 16.875
0 0 1524255362.06 17.1875
0 0 1524256262.21 17.1875
0 0 1524257161.86 17.25
0 0 1524258061.81 17.5625
0 0 1524258962.36 18.0
0 0 1524259862.46 17.9375
0 0 1524260761.86 17.875
0 0 1524261662.25 17.875
0 0 1524262562.56 17.75
0 0 1524263462.02 17.6875
0 0 1524264362.01 17.375
1524263700 15 1524265262.64 17.1875
0 0 1524266162.09 16.875
0 0 1524267062.0 16.375
0 0 1524267962.13 15.875
0 0 1524268861.72 15.375
0 0 1524269762.26 15.0
0 0 1524270662.62 14.4375
0 0 1524272462.15 13.5
0 0 1524271562.18 13.875
0 0 1524273361.87 13.0
0 0 1524274262.15 12.5625
0 0 1524275162.54 12.25
1524274500 11.63 1524276962.68 11.75
0 0 1524276062.59 12.0
0 0 1524277862.54 11.5625
0 0 1524278761.76 11.375
0 0 1524279662.29 11.1875
1524278100 9.44 1524280561.92 11.0
0 0 1524281462.41 10.8125
0 0 1524282361.93 10.6875
1524281700 8.02 1524283262.42 10.625
0 0 1524284162.26 10.5
1524284100 7.41 1524285061.96 10.5
1524284100 7.41 1524285962.09 10.375
1524285300 7.25 1524286862.13 10.3125
1524285300 7.25 1524287762.4 10.1875
1524287700 6.81 1524288662.32 10.125
1524287700 6.81 1524289561.67 10.0
1524288900 7.04 1524290462.07 9.875
0 0 1524291362.09 9.8125
0 0 1524292261.85 9.8125
1524291300 6.81 1524293162.24 9.8125
0 0 1524294061.88 9.75
1524292500 6.84 1524294961.96 9.6875
0 0 1524295861.83 9.5625
1524294900 7.01 1524296762.37 9.5
0 0 1524297661.93 9.5
1524296100 7.25 1524298562.45 9.4375
0 0 1524299462.47 9.4375
0 0 1524300361.78 9.375
1524299700 7.83 1524301262.22 9.375
0 0 1524302162.13 9.25
0 0 1524303061.97 9.1875
0 0 1524303962.14 9.125
1524303300 7.44 1524304862.35 9.0625
0 0 1524305762.19 9.0625
1524305700 7.21 1524306661.64 8.9375
0 0 1524307562.2 8.9375
0 0 1524308462.94 8.9375
0 0 1524309361.8 8.875
0 0 1524310262.55 8.75
0 0 1524311162.43 8.75
0 0 1524312061.91 8.75
0 0 1524312962.82 8.75
0 0 1524313862.62 8.8125
0 0 1524315661.84 9.0
0 0 1524314761.91 8.8125
0 0 1524316561.89 9.1875
0 0 1524317462.74 9.3125
0 0 1524318361.76 9.875
0 0 1524319262.31 10.5
0 0 1524320162.57 11.3125
0 0 1524321062.2 11.8125
0 0 1524321962.37 12.375
0 0 1524322862.69 12.125
1524321300 9.58 1524323762.52 11.9375
0 0 1524324661.8 12.9375
0 0 1524325562.57 12.9375
0 0 1524326462.67 13.75
0 0 1524327362.37 14.3125
0 0 1524329162.22 15.1875
0 0 1524328262.27 14.9375
0 0 1524330062.21 16.1875
1524328500 12.19 1524330962.24 16.4375
1524330900 12.81 1524331862.34 16.875
0 0 1524332762.31 17.1875
0 0 1524333662.48 17.5625
0 0 1524334562.11 17.9375
0 0 1524335461.93 18.0
0 0 1524336362.45 18.4375
1524335700 14.23 1524337262.64 18.4375
0 0 1524338162.09 18.0625
0 0 1524339061.9 18.25
0 0 1524339962.27 18.875
0 0 1524340861.93 19.375
1524341700 15.4 1524342662.29 19.3125
0 0 1524341761.83 19.25
1524341700 15.4 1524343562.22 19.0625
0 0 1524344462.21 19.3125
0 0 1524345362.61 19.125
0 0 1524346262.62 18.875
0 0 1524347162.18 17.875
0 0 1524348061.86 17.0625
1524346500 15.22 1524348961.78 16.5
0 0 1524349862.25 16.0
0 0 1524350762.02 15.5
0 0 1524351662.51 15.125
1524350100 13.8 1524352562.0 14.6875
0 0 1524353462.42 14.375
0 0 1524354361.92 14.125
1524353700 13 1524355262.07 13.875
1524353700 13 1524356162.57 13.5625
1524356100 12.4 1524357062.47 13.375
1524356100 12.4 1524357962.55 13.1875
1524357300 12.02 1524358862.42 12.9375
0 0 1524359762.03 12.75
0 0 1524360662.16 12.5625
1524359700 11.6 1524361562.3 12.4375
0 0 1524362462.42 12.1875
0 0 1524363361.87 12.0625
1524363300 10.8 1524364262.34 12.0
0 0 1524365162.72 11.8125
0 0 1524366062.07 11.75
0 0 1524366962.03 11.625
0 0 1524367861.92 11.5
1524366900 10.8 1524368762.18 11.4375
1524368100 10.82 1524369662.13 11.25
0 0 1524370561.7 11.1875
0 0 1524371462.69 11.0625
0 0 1524372362.42 11.0
0 0 1524373261.84 11.0
1524371700 10.21 1524374162.41 10.9375
1524374100 9.8 1524375061.92 10.75
0 0 1524375962.41 10.625
0 0 1524376862.59 10.5
0 0 1524377762.14 10.4375
1524377700 9.22 1524378662.14 10.1875
1524377700 9.22 1524379562.2 10.0
0 0 1524381362.6 9.875
0 0 1524380462.53 9.875
0 0 1524382261.67 9.8125
0 0 1524383162.74 9.875
0 0 1524384061.81 9.8125
1524382500 7.82 1524384962.51 9.75
0 0 1524385862.24 9.6875
0 0 1524386762.45 9.625
0 0 1524387661.99 9.5625
1524388500 7.41 1524389461.74 9.375
0 0 1524388562.47 9.4375
0 0 1524390362.6 9.1875
0 0 1524391262.29 9.125
1524389700 7.21 1524392161.85 9.0
0 0 1524393062.13 8.875
0 0 1524393962.45 8.8125
0 0 1524394861.68 8.6875
1524393300 7.02 1524395762.55 8.625
1524395700 6.61 1524396662.19 8.9375
1524395700 6.61 1524397562.55 9.4375
0 0 1524399362.17 9.8125
0 0 1524398462.01 9.5625
1524399300 6.8 1524400262.64 9.9375
0 0 1524401162.67 9.875
1524400500 7.21 1524402061.96 10.1875
0 0 1524402962.47 10.6875
1524402900 8.2 1524403862.49 12.8125
0 0 1524404762.54 13.375
0 0 1524405662.0 13.875
1524404100 9.37 1524406562.64 14.25
1524406500 10.79 1524407462.44 15.0625
1524406500 10.79 1524408361.98 15.6875
1524407700 11.58 1524409262.03 16.3125
1524407700 11.57 1524410162.52 16.9375
0 0 1524411061.98 17.0
0 0 1524411962.08 17.3125
0 0 1524412861.93 17.3125
0 0 1524413762.02 17.4375
1524412500 14.59 1524414662.03 17.375
1524412500 14.59 1524415562.29 17.1875
0 0 1524416462.14 17.0
0 0 1524417362.58 17.0
1524417300 16.19 1524418262.49 17.1875
1524417300 16.18 1524419162.36 17.5
0 0 1524420061.83 17.6875
1524418500 16.36 1524420961.99 17.75
0 0 1524421862.22 18.0
0 0 1524422761.91 18.125
0 0 1524423661.96 18.375
0 0 1524424562.52 18.0
0 0 1524425461.89 18.75
0 0 1524426361.92 19.4375
0 0 1524427262.2 19.8125
1524425700 18.59 1524428162.18 20.0625
0 0 1524429062.09 20.5
1524428100 19.59 1524429962.57 20.75
0 0 1524430861.86 20.8125
0 0 1524431762.05 20.75
1524430500 19.6 1524432661.76 20.8125
0 0 1524433562.51 20.875
0 0 1524434462.21 20.8125
0 0 1524435362.55 20.6875
1524435300 19.4 1524436262.56 20.25
0 0 1524437162.23 20.0
0 0 1524438062.28 19.6875
1524436500 19.41 1524438962.55 19.25
1524438900 18.21 1524440761.87 18.3125
0 0 1524439861.84 18.8125
0 0 1524441661.74 17.8125
0 0 1524442562.07 17.3125
0 0 1524443462.56 16.75
0 0 1524444362.02 16.125
0 0 1524445262.35 15.625
0 0 1524446162.41 15.1875
1524446100 14.41 1524447061.92 14.75
1524446100 14.41 1524447962.11 14.25
1524447300 14.24 1524448862.38 13.9375
0 0 1524449761.78 13.625
1524449700 12.62 1524450662.39 13.4375
1524449700 12.63 1524451561.77 13.1875
0 0 1524452461.8 13.1875
1524450900 12.26 1524453362.36 13.125
1524453300 11.61 1524454262.04 13.0
1524453300 11.61 1524455162.23 12.8125
1524454500 10.88 1524456062.74 12.625
1524454500 10.89 1524456962.67 12.4375
1524456900 9.83 1524457861.91 12.1875
1524456900 9.84 1524458761.85 12.0
1524458100 10.26 1524459662.67 11.75
1524458100 10.27 1524460562.05 11.5625
1524460500 9.62 1524461461.84 11.4375
0 0 1524462361.74 11.375
0 0 1524463262.03 11.25
1524461700 9.26 1524464162.61 11.25
1524464100 8.42 1524465062.07 11.1875
0 0 1524465962.11 11.125
1524465300 8.24 1524466862.66 11.0625
0 0 1524467762.53 11.0
1524467700 8.42 1524468662.52 10.9375
1524467700 8.42 1524469562.04 10.875
1524468900 8.26 1524470462.13 10.8125
0 0 1524471361.97 10.75
1524471300 8.21 1524472262.55 10.75
1524471300 8.21 1524473162.35 10.625
0 0 1524474062.32 10.5625
1524472500 8.44 1524474961.69 10.5
1524474900 8.6 1524475862.5 10.4375
1524474900 8.6 1524476762.16 10.4375
0 0 1524477661.84 10.3125
1524476100 8.42 1524478562.38 10.25
1524478500 8.4 1524479462.65 10.1875
1524478500 8.39 1524480362.54 10.125
0 0 1524481262.1 10.0625
1524479700 8.23 1524482162.4 9.75
