1474122601  -2 
1474123279  -2 
1474123501  -2 
1474124401  -2 
1474125302  -2 
1474126201  -2 
1474127101  -2 
1474128001  -2 
1474128901  -2 
1474129801  -2 
1474130701  -2 
1474131601  -2 
1474132501  -2 
1474133401  -2 
1474134301  -2 
1474135201  -2 
1474136102  -2 
1474137001  -2 
1474137902  -2 
1474138802  -2 
1474139702  -2 
1474140601  -2 
1474141502  -2 
1474142402  -2 
1474143302  -2 
1474144201  -2 
1474145102  -2 
1474146002  -2 
1474146902  -2 
1474147801  -2 
1474148701  -2 
1474149602  -2 
1474150501  -2 
1474151402  -2 
1474152301  -2 
1474153201  -2 
1474154102  -2 
1474155001  -2 
1474155901  -2 
1474124401  -2 
1474125301  -2 
1474126202  -2 
1474127101  -2 
1474128001  -2 
1474128901  -2 
1474129801  -2 
1474130701  -2 
1474131601  -2 
1474132502  -2 
1474133401  -2 
1474124401  -2 
1474124401  -2 
1508389212  -2 
1508390102  -2 
1508391001  -2 
1508391901  -2 
1508392802  -2 
1508393702  -2 
1508394601  -2 
1508395501  -2 
1508396401  -2 
1508397302  -2 
1508398201  -2 
1508399102  -2 
1508400002  -2 
1508400901  -2 
1508401801  -2 
1508402701  -2 
1508403601  -2 
1508404502  -2 
1508405401  -2 
1508406301  -2 
1508407201  -2 
1508408101  -2 
1508409002  -2 
1508409901  -2 
1508410801  -2 
1508411701  -2 
1508412602  -2 
1508413502  -2 
1508414401  -2 
1508415302  -2 
1508416201  -2 
1508417102  -2 
1508418002  -2 
1508418902  -2 
1508419802  -2 
1508420701  -2 
1508421601  -2 
1508422502  -2 
1508423401  -2 
1508424302  -2 
1508425202  -2 
1508426101  -2 
1508427002  -2 
1508427901  -2 
1508428801  -2 
1508429701  -2 
1508430601  -2 
1508431502  -2 
1508432401  -2 
1508433302  -2 
1508434201  -2 
1508435101  -2 
1508436001  -2 
1508436901  -2 
1508437801  -2 
1508438702  -2 
1508439602  -2 
1508440501  -2 
1508441402  -2 
1508442302  -2 
1508443201  -2 
1508444101  -2 
1508445002  -2 
1508445901  -2 
1508446802  -2 
1508447701  -2 
1508448601  -2 
1508449501  -2 
1508450402  -2 
1508451302  -2 
1508452201  -2 
1508453101  -2 
1508454001  -2 
1508454901  -2 
1508455801  -2 
1508456702  -2 
1508457602  -2 
1508458501  -2 
1508459402  -2 
1508460302  -2 
1508461202  -2 
1508462101  -2 
1508463002  -2 
1508463901  -2 
1508464801  -2 
1508465702  -2 
1508466602  -2 
1508467501  -2 
1508468401  -2 
1508469301  -2 
1508470201  -2 
1508471101  -2 
1508472002  -2 
1508472901  -2 
1508473801  -2 
1508474701  -2 
1508475602  -2 
1508476501  -2 
1508477402  -2 
1508478302  -2 
1508479202  -2 
1508480101  -2 
1508481002  -2 
1508481901  -2 
1508482802  -2 
1508483701  -2 
1508484601  -2 
1508485502  -2 
1508486402  -2 
1508487301  -2 
1508488201  -2 
1508489101  -2 
1508490001  -2 
1508490902  -2 
1508491801  -2 
1508492701  -2 
1508493601  -2 
1508494502  -2 
1508495402  -2 
1508496301  -2 
1508497201  -2 
1508498101  -2 
1508499002  -2 
1508499902  -2 
1508500801  -2 
1508501702  -2 
1508502601  -2 
1508503502  -2 
1508504402  -2 
1508505302  -2 
1508506201  -2 
1508507102  -2 
1508508002  -2 
1508508901  -2 
1508509801  -2 
1508510702  -2 
1508511601  -2 
1508512502  -2 
1508513401  -2 
1508514302  -2 
1508515201  -2 
1508516102  -2 
1508517002  -2 
1508517901  -2 
1508518802  -2 
1508519701  -2 
1508520601  -2 
1508521502  -2 
1508522402  -2 
1508523301  -2 
1508524202  -2 
1508525101  -2 
1508526002  -2 
1508526901  -2 
1508527801  -2 
1508528701  -2 
1508529602  -2 
1508530501  -2 
1508531401  -2 
1508532302  -2 
1508533202  -2 
1508534101  -2 
1508535001  -2 
1508535902  -2 
1508536801  -2 
1508537702  -2 
1508538602  -2 
1508539501  -2 
1508540401  -2 
1508541302  -2 
1508542202  -2 
1508543101  -2 
1508544002  -2 
1508544902  -2 
1508545802  -2 
1508546702  -2 
1508547602  -2 
1508548501  -2 
1508549401  -2 
1508550302  -2 
1508551201  -2 
1508552102  -2 
1508553002  -2 
1508553901  -2 
1508554802  -2 
1508555701  -2 
1508556601  -2 
1508557502  -2 
1508558401  -2 
1508559301  -2 
1508560201  -2 
1508561102  -2 
1508562002  -2 
1508562901  -2 
1508563801  -2 
1508564702  -2 
1508565602  -2 
1508566501  -2 
1508567401  -2 
1508568302  -2 
1508569201  -2 
1508570102  -2 
1508571001  -2 
1508571902  -2 
1508572801  -2 
1508573702  -2 
1508574602  -2 
1508575501  -2 
1508576401  -2 
1508577302  -2 
1508578202  -2 
1508579101  -2 
1508580001  -2 
1508580902  -2 
1508581802  -2 
1508582701  -2 
1508583602  -2 
1508584502  -2 
1508585402  -2 
1508586301  -2 
1508587202  -2 
1508588101  -2 
1508589002  -2 
1508589901  -2 
1508590801  -2 
1508591702  -2 
1508592602  -2 
1508593501  -2 
1508594401  -2 
1508595302  -2 
1508596202  -2 
1508597101  -2 
1508598001  -2 
1508598901  -2 
1508599802  -2 
1508600701  -2 
1508601602  -2 
1508602501  -2 
1508603402  -2 
1508604301  -2 
1508605202  -2 
1508606102  -2 
1508607002  -2 
1508607902  -2 
1508608802  -2 
1508609702  -2 
1508610602  -2 
1508611502  -2 
1508612401  -2 
1508613302  -2 
1508614202  -2 
1508615101  -2 
1508616002  -2 
1508616901  -2 
1508617802  -2 
1508618702  -2 
1508619602  -2 
1508620501  -2 
1508621401  -2 
1508622302  -2 
1508623201  -2 
1508624102  -2 
1508625002  -2 
1508625902  -2 
1508626801  -2 
1508627702  -2 
1508628602  -2 
1508629501  -2 
1508630401  -2 
1508631302  -2 
1508632202  -2 
1508633101  -2 
1508634002  -2 
1508634901  -2 
1508635801  -2 
1508636702  -2 
1508637602  -2 
1508638501  -2 
1508639401  -2 
1508640302  -2 
1474124401  -2 
1474125301  -2 
1474126201  -2 
1474127101  -2 
1474128002  -2 
1474128902  -2 
1508646602  -2 
1508647048  -2 
1508647501  -2 
1508648401  -2 
1508649301  -2 
1508650202  -2 
