1380996801 61 70.925 9.925
1380997402 61 70.475 9.475
1380998003 61 72.162 11.162
1380998605 61 74.300 13.300
1380999206 61 74.525 13.525
1380999807 61 74.300 13.300
1381000409 63 72.725 9.725
1381001010 63 73.850 10.850
1381001611 63 71.600 8.600
1381002212 63 70.587 7.587
1381002813 63 69.237 6.237
1381003414 63 69.575 6.575
1381004015 63 71.487 8.487
1381004616 63 71.712 8.712
1381005217 63 71.150 8.150
1381005818 63 69.237 6.237
1381006419 63 68.225 5.225
1381007020 63 68.450 5.450
1381007621 62 67.212 5.212
1381008222 62 65.862 3.862
1381008823 62 66.762 4.762
1381009424 62 67.325 5.325
1381010025 62 66.650 4.650
1381010626 62 73.287 11.287
1381011228 61 76.775 15.775
1381011828 61 70.137 9.137
1381012430 61 64.287 3.287
1381013030 61 62.600 1.600
1381013632 61 61.137 .137
1381014233 61 60.462 -.538
1381014834 58 60.687 2.687
1381015435 58 60.575 2.575
1381016036 58 59.562 1.562
1381016637 58 58.550 .550
1381017238 58 57.537 -.463
1381017839 58 56.750 -1.250
1381018440 54 55.962 1.962
1381019042 54 55.400 1.400
1381019642 54 55.062 1.062
1381020244 54 54.612 .612
1381020844 54 54.162 .162
1381021445 54 53.825 -.175
1381022051 51 53.487 2.487
1381022652 51 53.150 2.150
1381023253 51 53.037 2.037
1381023855 51 53.375 2.375
1381024456 51 53.487 2.487
1381025057 51 53.375 2.375
1381025658 49 53.150 4.150
1381026259 49 52.925 3.925
1381026860 49 52.700 3.700
1381027461 49 52.475 3.475
1381028062 49 52.025 3.025
1381028663 49 51.575 2.575
1381029264 47 51.237 4.237
1381029865 47 50.787 3.787
1381030466 47 50.562 3.562
1381031068 47 50.337 3.337
1381031668 47 49.775 2.775
1381032270 47 49.325 2.325
1381032871 45 49.212 4.212
1381033473 45 48.875 3.875
1381034074 45 48.762 3.762
1381034675 45 48.762 3.762
1381035276 45 48.425 3.425
1381035877 45 48.425 3.425
1381036478 43 48.087 5.087
1381037079 43 47.975 4.975
1381037680 43 47.750 4.750
1381038281 43 47.637 4.637
1381038882 43 47.525 4.525
1381039483 43 47.412 4.412
1381040084 42 47.300 5.300
1381040685 42 47.075 5.075
1381041287 42 46.962 4.962
1381041887 42 46.850 4.850
1381042488 42 46.850 4.850
1381043090 42 46.625 4.625
1381043692 41 46.625 5.625
1381044293 41 46.625 5.625
1381044894 41 46.512 5.512
1381045495 41 46.287 5.287
1381046097 41 46.287 5.287
1381046697 41 46.512 5.512
1381047298 41 46.962 5.962
1381047899 41 46.962 5.962
1381048500 41 46.850 5.850
1381049101 41 46.625 5.625
1381049702 41 46.850 5.850
1381050303 41 46.737 5.737
1381050904 40 46.737 6.737
1381051506 40 46.512 6.512
1381052106 40 46.287 6.287
1381052707 40 46.062 6.062
1381053308 40 46.737 6.737
1381053909 40 47.412 7.412
1381054510 41 47.862 6.862
1381055111 41 48.087 7.087
1381055712 41 48.312 7.312
1381056313 41 48.537 7.537
1381056914 41 48.537 7.537
1381057516 41 48.425 7.425
1381058117 43 48.537 5.537
1381058718 43 48.762 5.762
1381059319 43 48.650 5.650
1381059920 43 51.687 8.687
1381060522 43 52.700 9.700
1381061122 42 52.587 10.587
1381061724 42 52.362 10.362
1381062325 42 52.587 10.587
1381062926 42 52.700 10.700
1381063526 42 53.037 11.037
1381064127 42 53.375 11.375
1381064729 42 54.275 12.275
1381065330 43 54.500 11.500
1381065931 43 53.825 10.825
1381066532 43 54.050 11.050
1381067133 43 54.387 11.387
1381067735 43 54.500 11.500
1381068336 44 54.837 10.837
1381068937 44 54.950 10.950
1381069538 44 64.175 20.175
1381070139 44 64.062 20.062
1381070740 44 64.062 20.062
1381071341 44 64.062 20.062
1381071942 44 64.062 20.062
1381072543 46 64.062 18.062
1381073144 46 64.062 18.062
1381073745 46 64.062 18.062
1381074346 46 64.062 18.062
1381074947 46 64.062 18.062
1381075548 46 64.062 18.062
1381076150 46 64.062 18.062
1381076751 46 64.062 18.062
1381077352 46 64.062 18.062
1381077954 46 64.062 18.062
1381078554 46 64.062 18.062
1381079155 46 64.062 18.062
1381079757 46 64.062 18.062
1381080358 46 64.062 18.062
1381080959 46 64.062 18.062
1381081560 46 64.062 18.062
1381082161 46 64.175 18.175
1381082762 46 64.175 18.175
1381083363 46 64.175 18.175
1381083964 46 64.287 18.287
1381084565 48 64.175 16.175
1381085166 48 64.287 16.287
1381085768 48 64.175 16.175
1381086368 49 64.287 15.287
1381086970 49 64.175 15.175
1381087571 49 64.175 15.175
1381088172 49 64.175 15.175
1381088773 49 64.175 15.175
1381089374 49 64.175 15.175
1381089975 49 64.175 15.175
1381090577 48 64.175 16.175
1381091177 48 64.175 16.175
1381091778 48 64.175 16.175
1381092379 48 64.062 16.062
1381092980 48 64.062 16.062
1381093581 48 63.950 15.950
1381094183 48 63.950 15.950
1381094784 48 63.950 15.950
1381095385 48 63.837 15.837
1381095986 48 63.837 15.837
1381096587 48 63.725 15.725
1381097188 48 63.725 15.725
1381097789 46 63.725 17.725
1381098390 46 63.612 17.612
1381098991 46 63.612 17.612
1381099592 46 63.612 17.612
1381100194 46 63.500 17.500
1381100795 47 63.500 16.500
1381101395 47 63.387 16.387
1381101997 47 63.275 16.275
1381102598  63.275 
1381103238 47 63.162 16.162
1381103840 47 63.162 16.162
1381104441 46 63.162 17.162
1381105042 46 63.162 17.162
1381105643 46 63.050 17.050
1381106244 46 63.050 17.050
1381106845 46 63.050 17.050
1381107446 46 62.937 16.937
1381108047 46 62.937 16.937
1381108648 46 62.825 16.825
1381109249 46 62.825 16.825
1381109850 46 62.825 16.825
1381110451 46 62.712 16.712
1381111052 46 62.712 16.712
1381111653 46 62.712 16.712
1381112255 46 62.600 16.600
1381112856 46 62.600 16.600
1381113457 46 62.600 16.600
1381114058 46 62.487 16.487
1381114659 46 62.487 16.487
1381115260 46 62.375 16.375
1381115861 46 62.375 16.375
1381116462 46 62.375 16.375
1381117063 46 62.262 16.262
1381117665 46 62.262 16.262
1381118266 46 62.262 16.262
1381118866 46 62.150 16.150
1381119467 47 62.150 15.150
1381120068 47 62.150 15.150
1381120669 47 62.037 15.037
1381121270 47 62.037 15.037
1381121871 47 62.037 15.037
1381122472 47 61.925 14.925
1381123074 47 61.925 14.925
1381123675 47 61.925 14.925
1381124276 47 61.812 14.812
1381124877 47 61.925 14.925
1381125479 48 61.812 13.812
1381126080 48 61.812 13.812
1381126681 48 61.700 13.700
1381127282 48 61.700 13.700
1381127883 48 61.700 13.700
1381128484 48 61.587 13.587
1381129085 48 61.587 13.587
1381129686 48 61.587 13.587
1381130288 50 61.587 11.587
1381130889 50 61.587 11.587
1381131490 50 61.475 11.475
1381132092 50 61.475 11.475
1381132693 50 61.475 11.475
1381133294 50 61.362 11.362
1381133896 50 61.362 11.362
1381134498 50 61.362 11.362
1381135099 50 61.362 11.362
1381135700 50 61.250 11.250
1381136301 50 61.250 11.250
1381136902 50 61.250 11.250
1381137503 49 61.250 12.250
1381138104 48 61.137 13.137
1381138705 48 61.025 13.025
1381139306 48 61.137 13.137
1381139907 48 61.137 13.137
1381140508 46 61.025 15.025
1381141109 46 61.025 15.025
1381141710 46 61.025 15.025
1381142312 46 60.912 14.912
1381142912 46 60.912 14.912
1381143513 46 60.800 14.800
1381144115 46 60.800 14.800
1381144716 44 60.800 16.800
1381145317 44 60.800 16.800
1381145918 44 60.687 16.687
1381146519 44 60.687 16.687
1381147120 44 60.687 16.687
1381147721 42 60.575 18.575
1381148322 42 60.462 18.462
1381148923 42 60.462 18.462
1381149524 42 60.462 18.462
1381150126 42 60.462 18.462
1381150727 42 60.462 18.462
1381151328 42 60.350 18.350
1381151929 43 60.237 17.237
1381152530 43 60.350 17.350
1381153131 43 60.350 17.350
1381153732 43 60.350 17.350
1381154333 43 60.350 17.350
1381154934 43 60.350 17.350
1381155535 49 60.462 11.462
1381156136 49 60.575 11.575
1381156738 49 60.912 11.912
1381157338 49 61.362 12.362
1381157939 49 61.812 12.812
1381158541 53 62.262 9.262
1381159142 53 62.712 9.712
1381159744 53 63.162 10.162
1381160345 53 63.725 10.725
1381160946 53 64.062 11.062
1381161547 53 64.512 11.512
1381162148 53 64.962 11.962
1381162750 60 65.412 5.412
1381163351 60 65.750 5.750
1381163952 60 66.087 6.087
1381164553 60 66.425 6.425
1381165154 60 66.650 6.650
1381165756 65 66.762 1.762
1381166357 65 66.875 1.875
1381166958 65 67.100 2.100
1381167559 65 67.212 2.212
1381168160 65 67.212 2.212
1381168761 65 67.437 2.437
1381169362 65 67.437 2.437
1381169963 69 67.550 -1.450
1381170565 69 67.662 -1.338
1381171166 69 67.775 -1.225
1381171767 69 67.887 -1.113
1381172368 69 67.887 -1.113
1381172969 71 68.000 -3.000
1381173570 71 68.000 -3.000
1381174171 71 68.000 -3.000
1381174772 71 68.112 -2.888
1381175373 71 68.225 -2.775
1381175975 71 68.225 -2.775
1381176575 71 68.225 -2.775
1381177176 73 68.225 -4.775
1381177778 73 68.337 -4.663
1381178379 73 68.337 -4.663
1381178980 73 68.337 -4.663
1381179581 73 68.450 -4.550
1381180182 73 68.450 -4.550
1381180783 73 68.450 -4.550
1381181384 73 68.562 -4.438
1381181985 73 68.562 -4.438
1381182586 73 68.675 -4.325
1381183188 73 68.787 -4.213
1381183788 73 68.900 -4.100
1381184389 72 68.900 -3.100
1381184990 72 68.900 -3.100
1381185592 72 68.900 -3.100
1381186193 72 69.012 -2.988
1381186794 72 69.012 -2.988
1381187395 70 69.012 -.988
1381187996 70 69.012 -.988
1381188597 70 68.900 -1.100
1381189198 70 68.900 -1.100
1381189800 70 68.900 -1.100
1381190401 70 68.900 -1.100
1381191002 70 68.787 -1.213
1381191603 62 68.787 6.787
1381192204 62 68.787 6.787
1381192805 62 68.675 6.675
1381193406 62 68.675 6.675
1381194008 62 68.562 6.562
1381194608 60 68.450 8.450
1381195209 60 68.450 8.450
1381195810 60 68.337 8.337
1381196411 60 68.225 8.225
1381197013 60 68.112 8.112
1381197614 60 68.000 8.000
1381198215 60 68.000 8.000
1381198816 61 67.775 6.775
1381199417 61 67.662 6.662
1381200018 61 67.662 6.662
1381200619 61 67.550 6.550
1381201221 61 67.437 6.437
1381201822 61 67.212 6.212
1381202423 56 67.212 11.212
1381203024 56 67.100 11.100
1381203625 56 66.987 10.987
1381204226 56 66.875 10.875
1381204827 56 66.762 10.762
1381205428 56 66.650 10.650
1381206029 51 66.537 15.537
1381206630 51 66.425 15.425
1381207231 51 66.312 15.312
1381207833 51 66.200 15.200
1381208434 51 66.087 15.087
1381209035 49 65.975 16.975
1381209636 49 65.862 16.862
1381210237 49 65.862 16.862
1381210838 49 65.750 16.750
1381211439 49 65.637 16.637
1381212040 49 65.525 16.525
1381212641 49 65.412 16.412
1381213242 46 65.300 19.300
1381213843 46 65.300 19.300
1381214444 46 65.187 19.187
1381215045 46 65.075 19.075
1381215646 46 64.962 18.962
1381216247 47 64.850 17.850
1381216848 47 64.850 17.850
1381217449 47 64.737 17.737
1381218050 47 64.625 17.625
1381218652 47 64.625 17.625
1381219253 47 64.400 17.400
1381219854 47 64.400 17.400
1381220456 47 64.287 17.287
1381221056 47 64.175 17.175
1381221657 47 64.062 17.062
1381222259 47 64.062 17.062
1381222859 47 63.950 16.950
1381223460 47 63.837 16.837
1381224061 48 63.725 15.725
1381224662 48 63.725 15.725
1381225263 48 63.612 15.612
1381225864 48 63.500 15.500
1381226465 48 63.500 15.500
1381227066 47 63.387 16.387
1381227667 47 63.387 16.387
1381228268 47 63.275 16.275
1381228869 47 63.162 16.162
1381229470 47 63.162 16.162
1381230072 47 63.050 16.050
1381230673 47 62.937 15.937
1381231274 47 62.937 15.937
1381231875 47 62.937 15.937
1381232476 47 62.825 15.825
1381233077 47 62.712 15.712
1381233678 47 62.600 15.600
1381234279 47 62.600 15.600
1381234880 47 62.487 15.487
1381235481 47 62.487 15.487
1381236082 47 62.487 15.487
1381236683 47 62.262 15.262
1381237284 47 62.262 15.262
1381237885 48 62.150 14.150
1381238486 48 62.150 14.150
1381239087 48 62.150 14.150
1381239689 48 62.150 14.150
1381240290 48 62.150 14.150
1381240891 48 62.150 14.150
1381241492 54 62.150 8.150
1381242094 54 62.262 8.262
1381242694 54 62.600 8.600
1381243295 54 62.937 8.937
1381243896 54 63.275 9.275
1381244497 54 63.725 9.725
1381245099 61 64.287 3.287
1381245700 61 64.737 3.737
1381246300 61 65.187 4.187
1381246901 61 65.750 4.750
1381247502 61 66.200 5.200
1381248104 61 66.650 5.650
1381248705 66 67.100 1.100
1381249306 66 67.550 1.550
1381249908 66 68.000 2.000
1381250509 66 68.337 2.337
1381251110 66 68.675 2.675
1381251712 66 68.900 2.900
1381252313 71 69.125 -1.875
1381252914 71 69.237 -1.763
1381253515 71 69.350 -1.650
1381254116 71 69.462 -1.538
1381254717 71 69.687 -1.313
1381255318 71 69.800 -1.200
1381255919 71 69.912 -1.088
1381256520 74 70.025 -3.975
1381257121 74 70.137 -3.863
1381257722 74 70.250 -3.750
1381258323 74 70.362 -3.638
1381258924 74 70.362 -3.638
1381259525 76 70.475 -5.525
1381260127 76 70.587 -5.413
1381260727 76 70.587 -5.413
1381261329 76 70.700 -5.300
1381261930 76 70.700 -5.300
1381262531 76 70.700 -5.300
1381263132 77 70.812 -6.188
1381263735 77 70.812 -6.188
1381264335 77 70.812 -6.188
1381264936 77 70.812 -6.188
1381265537 77 70.925 -6.075
1381266138 77 70.925 -6.075
1381266740 76 70.925 -5.075
1381267341 76 71.037 -4.963
1381267942 76 71.037 -4.963
1381268543 76 71.037 -4.963
1381269144 76 71.150 -4.850
1381269745 76 71.262 -4.738
1381270346 75 71.262 -3.738
1381270947 75 71.262 -3.738
1381271548 75 71.262 -3.738
1381272149 75 71.375 -3.625
1381272751 75 71.375 -3.625
1381273352 75 71.375 -3.625
1381273953 73 71.375 -1.625
1381274554 73 71.375 -1.625
1381275155 73 71.375 -1.625
1381275756 73 71.375 -1.625
1381276357 73 71.375 -1.625
1381276958 73 71.262 -1.738
1381277560 67 71.262 4.262
1381278161 67 71.262 4.262
1381278761 67 71.150 4.150
1381279362 67 71.150 4.150
1381279964 67 71.150 4.150
1381280565 67 71.037 4.037
1381281166 64 71.037 7.037
1381281767 64 71.037 7.037
1381282368 64 70.925 6.925
1381282969 64 70.925 6.925
1381283570 64 70.812 6.812
1381284172 64 70.700 6.700
1381284772 62 70.700 8.700
1381285373 62 70.587 8.587
1381285974 62 70.587 8.587
1381286576 62 70.475 8.475
1381287178 62 70.362 8.362
1381287779 62 70.362 8.362
1381288380 59 70.250 11.250
1381288981 59 70.250 11.250
1381289582 59 70.137 11.137
1381290183 59 70.025 11.025
1381290784 59 69.912 10.912
1381291385 59 69.912 10.912
1381291987 58 69.800 11.800
1381292589 58 69.687 11.687
1381293190 58 69.687 11.687
1381293791 58 69.575 11.575
1381294392 58 69.462 11.462
1381294993 58 69.350 11.350
1381295594 59 69.350 10.350
1381296195 59 69.237 10.237
1381296797 59 69.125 10.125
1381297397 59 69.125 10.125
1381297998 59 69.012 10.012
1381298600 59 68.900 9.900
1381299201 55 68.900 13.900
1381299802 55 68.787 13.787
1381300403 55 68.675 13.675
1381301004 55 68.562 13.562
1381301605 55 68.562 13.562
1381302206 55 68.450 13.450
1381302809 54 68.337 14.337
1381303410 54 68.225 14.225
1381304011 54 68.225 14.225
1381304612 54 68.112 14.112
1381305213 54 68.112 14.112
1381305814 54 68.000 14.000
1381306415 53 67.887 14.887
1381307017 53 67.775 14.775
1381307617 53 67.775 14.775
1381308219 53 67.662 14.662
1381308820 53 67.550 14.550
1381309421 53 67.550 14.550
1381310022 51 67.437 16.437
1381310623 51 67.325 16.325
1381311225 51 67.325 16.325
1381311825 51 67.212 16.212
1381312426 51 67.100 16.100
1381313027 51 67.100 16.100
1381313628 52 66.987 14.987
1381314229 52 66.875 14.875
1381314831 52 66.875 14.875
1381315431 52 66.762 14.762
1381316032 52 66.650 14.650
1381316634 52 66.537 14.537
1381317234 50 66.537 16.537
1381317835 50 66.537 16.537
1381318437 50 66.312 16.312
1381319038 50 66.312 16.312
1381319638 50 66.200 16.200
1381320240 50 66.200 16.200
1381320841 50 66.087 16.087
1381321442 50 65.975 15.975
1381322044 50 65.975 15.975
1381322644 50 65.862 15.862
1381323245 50 65.862 15.862
1381323846 50 65.750 15.750
1381324448 51 65.750 14.750
1381325048 51 65.637 14.637
1381325649 51 65.637 14.637
1381326250 51 65.637 14.637
1381326851 51 65.637 14.637
1381327453 51 65.637 14.637
1381328054 56 65.637 9.637
1381328655 56 65.862 9.862
1381329256 56 65.975 9.975
1381329857 56 66.312 10.312
1381330458 56 66.650 10.650
1381331059 56 66.987 10.987
1381331660 60 67.550 7.550
1381332263 60 68.000 8.000
1381332864 60 68.337 8.337
1381333465 60 68.675 8.675
1381334066 60 69.237 9.237
1381334668 60 69.575 9.575
1381335268 64 70.025 6.025
1381335869 64 70.362 6.362
1381336470 64 70.812 6.812
1381337071 64 71.150 7.150
1381337672 64 71.375 7.375
1381338274 64 71.600 7.600
1381338875 68 71.825 3.825
1381339476 68 71.937 3.937
1381340077 68 72.050 4.050
1381340678 68 72.162 4.162
1381341279 68 72.275 4.275
1381341880 68 72.387 4.387
1381342482 71 72.500 1.500
1381343084 71 72.612 1.612
1381343684 71 72.725 1.725
1381344286 71 72.837 1.837
1381344887 71 72.837 1.837
1381345488 71 72.950 1.950
1381346089 70 72.950 2.950
1381346690 70 73.062 3.062
1381347292 70 73.062 3.062
1381347892 70 73.062 3.062
1381348493 70 73.062 3.062
1381349094 70 73.175 3.175
1381349695 71 73.175 2.175
1381350297 71 73.175 2.175
1381350898 71 73.287 2.287
1381351500 71 73.287 2.287
1381352101 71 73.287 2.287
1381352702 71 73.287 2.287
1381353304 72 73.287 1.287
1381353905 72 73.287 1.287
1381354506 72 73.400 1.400
1381355107 72 73.512 1.512
1381355708 72 73.400 1.400
1381356309 72 73.512 1.512
1381356910 73 73.512 .512
1381357511 73 73.512 .512
1381358112 73 73.625 .625
1381358713 73 73.512 .512
1381359315 73 73.512 .512
1381359915 73 73.512 .512
1381360516 69 73.512 4.512
1381361118 69 73.512 4.512
1381361719 69 73.512 4.512
1381362320 69 73.400 4.400
1381362921 69 73.400 4.400
1381363522 69 73.287 4.287
1381364123 62 73.287 11.287
1381364724 62 73.175 11.175
1381365325 62 73.062 11.062
1381365926 62 73.062 11.062
1381366528 62 72.950 10.950
1381367129 62 72.837 10.837
1381367730 60 72.725 12.725
1381368331 60 72.612 12.612
1381368933 60 72.500 12.500
1381369533 60 72.275 12.275
1381370134 60 72.162 12.162
1381370735 60 72.050 12.050
1381371336 58 71.937 13.937
1381371938 58 71.825 13.825
1381372540 58 71.712 13.712
1381373141 58 71.600 13.600
1381373742 58 71.487 13.487
1381374343 58 71.262 13.262
1381374944 56 71.150 15.150
1381375545 56 71.037 15.037
1381376146 56 71.037 15.037
1381376747 56 70.812 14.812
1381377348 56 70.700 14.700
1381377949 56 70.587 14.587
1381378550 56 70.475 14.475
1381379151 56 70.362 14.362
1381379753 56 70.250 14.250
1381380354 56 70.137 14.137
1381380955 56 70.025 14.025
1381381556 56 69.912 13.912
1381382157 54 69.800 15.800
1381382758 54 69.800 15.800
1381383359 54 69.575 15.575
1381383960 54 69.462 15.462
1381384562 54 69.350 15.350
1381385163 54 69.237 15.237
1381385763 50 69.237 19.237
1381386364 50 69.125 19.125
1381386966 50 68.900 18.900
1381387567 50 68.900 18.900
1381388168 50 68.787 18.787
1381388769 50 68.562 18.562
1381389370 47 68.562 21.562
1381389971 47 68.450 21.450
1381390572 47 68.337 21.337
1381391173 47 68.337 21.337
1381391774 47 68.225 21.225
1381392375 47 68.112 21.112
1381392976 47 67.887 20.887
1381393577 47 67.887 20.887
1381394178 47 67.775 20.775
1381394779 47 67.775 20.775
1381395380 47 67.662 20.662
1381395981 47 67.550 20.550
1381396582 45 67.437 22.437
1381397184 45 67.437 22.437
1381397785 45 67.325 22.325
1381398386 45 67.212 22.212
1381398987 45 67.100 22.100
1381399588 45 66.987 21.987
1381400190 44 66.987 22.987
1381400790 44 66.875 22.875
1381401391 44 66.762 22.762
1381401992 44 66.762 22.762
1381402593 44 66.650 22.650
1381403194 44 66.537 22.537
1381403795 45 66.425 21.425
1381404396 45 66.312 21.312
1381404997 45 66.312 21.312
1381405598 45 66.200 21.200
1381406200 45 66.087 21.087
1381406801 45 66.087 21.087
1381407402 44 65.975 21.975
1381408003 44 65.975 21.975
1381408604 44 65.862 21.862
1381409205 44 65.862 21.862
1381409806 44 65.750 21.750
1381410407 46 65.637 19.637
1381411008 46 65.525 19.525
1381411610 46 65.637 19.637
1381412211  65.525 
1381412811 46 65.525 19.525
1381413413 46 65.525 19.525
1381414013 46 65.525 19.525
1381414614 53 65.525 12.525
1381415215 53 65.637 12.637
1381415817 53 65.975 12.975
1381416418 53 66.312 13.312
1381417019 53 66.537 13.537
1381417620 53 66.987 13.987
1381418222 60 67.437 7.437
1381418823 60 67.887 7.887
1381419424 60 68.225 8.225
1381420025 60 68.450 8.450
1381420626 60 68.675 8.675
1381421227 60 69.012 9.012
1381421828 64 69.350 5.350
1381422429 64 69.800 5.800
1381423030 64 70.137 6.137
1381423631 64 70.475 6.475
1381424232 64 70.700 6.700
1381424833 64 71.037 7.037
1381425434 70 71.037 1.037
1381426035 70 71.150 1.150
1381426636 70 71.262 1.262
1381427237 70 71.375 1.375
1381427838 70 71.487 1.487
1381428439 70 71.600 1.600
1381429041 72 71.712 -.288
1381429642 72 71.825 -.175
1381430243 72 71.937 -.063
1381430844 72 71.937 -.063
1381431445 72 72.050 .050
1381432046 73 72.050 -.950
1381432647 73 72.162 -.838
1381433249 73 72.162 -.838
1381433850 73 72.162 -.838
1381434451 73 72.275 -.725
1381435052 73 72.275 -.725
1381435653 73 72.275 -.725
1381436255 74 72.275 -1.725
1381436856 74 72.387 -1.613
1381437457 74 72.387 -1.613
1381438058 74 72.387 -1.613
1381438660 74 72.387 -1.613
1381439260 75 72.387 -2.613
1381439862 75 72.387 -2.613
1381440463 75 72.387 -2.613
1381441064 75 72.500 -2.500
1381441665 75 72.500 -2.500
1381442266 75 72.612 -2.388
1381442867 75 72.612 -2.388
1381443468 74 72.725 -1.275
1381444069 74 72.725 -1.275
1381444670 74 72.725 -1.275
1381445272 74 72.725 -1.275
1381445873 74 72.725 -1.275
1381446474 72 72.725 .725
1381447075 72 72.725 .725
1381447676 72 72.725 .725
1381448277 72 72.612 .612
1381448880 72 72.612 .612
1381449481 72 72.612 .612
1381450082 72 72.500 .500
1381450683 64 72.500 8.500
1381451284 64 72.500 8.500
1381451885 64 72.387 8.387
1381452486 64 72.275 8.275
1381453088 64 72.275 8.275
1381453688 64 72.162 8.162
1381454289 64 72.162 8.162
1381454890 64 72.050 8.050
1381455491 64 71.937 7.937
1381456092 64 71.937 7.937
1381456694 64 71.825 7.825
1381457295 64 71.712 7.712
1381457896 62 71.600 9.600
1381458497 62 71.487 9.487
1381459098 62 71.375 9.375
1381459699 62 71.375 9.375
1381460301 62 71.262 9.262
1381460901 59 71.150 12.150
1381461502 59 71.037 12.037
1381462104 59 70.925 11.925
1381462705 59 70.812 11.812
1381463306 59 70.700 11.700
1381463914 59 70.587 11.587
1381464515 59 70.475 11.475
1381465117 59 70.475 11.475
1381465717 59 70.250 11.250
1381466319 59 70.250 11.250
1381466920 59 70.137 11.137
1381467521 59 70.025 11.025
1381468123 57 69.912 12.912
1381468723 57 69.912 12.912
1381469324 57 69.687 12.687
1381469925 57 69.687 12.687
1381470526 57 69.575 12.575
1381471127 57 69.462 12.462
1381471728 57 69.462 12.462
1381472329 52 69.350 17.350
1381472930 52 69.237 17.237
1381473533 52 69.237 17.237
1381474134 52 69.125 17.125
1381474735 52 69.012 17.012
1381475336 57 69.012 12.012
1381475937 57 68.900 11.900
1381476539 57 68.787 11.787
1381477139 57 68.787 11.787
1381477740 57 68.675 11.675
1381478341 57 68.562 11.562
1381478942 57 68.562 11.562
1381479543 55 68.562 13.562
1381480144 55 68.450 13.450
1381480745 55 68.337 13.337
1381481347 55 68.337 13.337
1381481948 55 68.225 13.225
1381482549 56 68.112 12.112
1381483150 56 68.000 12.000
1381483751 56 68.000 12.000
1381484353 56 67.887 11.887
1381484953 56 67.887 11.887
1381485554 56 67.887 11.887
1381486155 56 67.775 11.775
1381486756 56 67.662 11.662
1381487358 56 67.662 11.662
1381487958 56 67.550 11.550
1381488559 56 67.437 11.437
1381489160 56 67.437 11.437
1381489761 56 67.437 11.437
1381490362 56 67.325 11.325
1381490963 56 67.212 11.212
1381491564 56 67.212 11.212
1381492165 56 67.100 11.100
1381492767 56 67.100 11.100
1381493368 55 66.987 11.987
1381493969 55 66.987 11.987
1381494569 55 66.875 11.875
1381495170 55 66.875 11.875
1381495772 55 66.875 11.875
1381496373 55 66.762 11.762
1381496974 55 66.762 11.762
1381497575 56 66.762 10.762
1381498176 56 66.762 10.762
1381498777 56 66.762 10.762
1381499378 56 66.762 10.762
1381499979 56 66.650 10.650
1381500580 60 66.762 6.762
1381501181 60 66.875 6.875
1381501782 60 66.987 6.987
1381502384 60 67.325 7.325
1381502985 60 67.662 7.662
1381503586 60 68.000 8.000
1381504187 60 68.450 8.450
1381504788 64 68.787 4.787
1381505389 64 69.237 5.237
1381505990 64 69.687 5.687
1381506591 64 70.137 6.137
1381507192 64 70.475 6.475
1381507793 67 70.925 3.925
1381508394 67 71.375 4.375
1381508995 67 71.712 4.712
1381509596 67 72.050 5.050
1381510197 67 72.387 5.387
1381510799 67 72.612 5.612
1381511399 67 72.725 5.725
1381512000 70 72.837 2.837
1381512601 70 72.950 2.950
1381513203 70 73.062 3.062
1381513804 70 73.287 3.287
1381514405 70 73.400 3.400
1381515006 73 73.512 .512
1381515607 73 73.512 .512
1381516210 73 73.625 .625
1381516811 73 73.625 .625
1381517412 73 73.737 .737
1381518013 73 73.737 .737
1381518614 73 73.850 .850
1381519215 75 73.962 -1.038
1381519816 75 73.962 -1.038
1381520418 75 73.962 -1.038
1381521019 75 73.962 -1.038
1381521620 75 74.075 -.925
1381522221 76 74.075 -1.925
1381522822 76 74.075 -1.925
1381523423 76 74.075 -1.925
1381524024 76 74.075 -1.925
1381524626 76 74.075 -1.925
1381525227 76 74.187 -1.813
1381525828 76 74.187 -1.813
1381526429 76 74.075 -1.925
1381527030 76 74.187 -1.813
1381527631 76 74.187 -1.813
1381528232 76 74.187 -1.813
1381528834 76 74.300 -1.700
1381529435 76 74.300 -1.700
1381530036 75 74.412 -.588
1381530636 75 74.300 -.700
1381531238 75 74.300 -.700
1381531839 75 74.300 -.700
1381532440 75 74.300 -.700
1381533041 73 74.300 1.300
1381533643 73 74.300 1.300
1381534244 73 74.300 1.300
1381534845 73 74.187 1.187
1381535446 73 74.187 1.187
1381536047 73 74.187 1.187
1381536648 73 74.187 1.187
1381537249 72 74.187 2.187
1381537850 72 74.187 2.187
1381538451 72 74.075 2.075
1381539053 72 74.075 2.075
1381539653 72 74.075 2.075
1381540254 71 73.962 2.962
1381540855 71 73.962 2.962
1381541456 71 73.962 2.962
1381542057 71 73.850 2.850
1381542659 71 73.850 2.850
1381543260 71 73.850 2.850
1381543861 71 73.737 2.737
1381544462 70 73.737 3.737
1381545063 70 73.737 3.737
1381545664 70 73.625 3.625
1381546265 70 73.625 3.625
1381546866 70 73.512 3.512
1381547467 70 73.512 3.512
1381548069 70 73.512 3.512
1381548670 70 73.400 3.400
1381549272 70 73.400 3.400
1381549872 70 73.400 3.400
1381550473 70 73.400 3.400
1381551074 69 73.287 4.287
1381551675 69 73.287 4.287
1381552276 69 73.175 4.175
1381552877 69 73.175 4.175
1381553478 69 73.062 4.062
1381554079 69 73.062 4.062
1381554680 68 73.062 5.062
1381555281 68 73.062 5.062
1381555882 68 72.950 4.950
1381556483 68 72.837 4.837
1381557084 68 72.837 4.837
1381557686 68 72.837 4.837
1381558287 68 72.725 4.725
1381558888 67 72.725 5.725
1381559489 67 72.612 5.612
1381560090 67 72.612 5.612
1381560692 67 72.612 5.612
1381561292 67 72.500 5.500
1381561893 65 72.500 7.500
1381562494 65 72.387 7.387
1381563096 65 72.387 7.387
1381563697 65 72.275 7.275
1381564298 65 72.275 7.275
1381564899 65 72.275 7.275
1381565500 64 72.162 8.162
1381566101 64 72.050 8.050
1381566702 64 72.050 8.050
1381567303 64 72.050 8.050
1381567904 64 71.937 7.937
1381568505 63 71.825 8.825
1381569106 63 71.825 8.825
1381569707 63 71.712 8.712
1381570308 61 71.712 10.712
1381570909 61 71.600 10.600
1381571510 61 71.487 10.487
1381572111 61 71.487 10.487
1381572712 59 71.487 12.487
1381573313 59 71.375 12.375
1381573914 59 71.262 12.262
1381574515 59 71.150 12.150
1381575116 59 71.150 12.150
1381575718 59 71.037 12.037
1381576319 55 70.925 15.925
1381576920 55 70.925 15.925
1381577522 55 70.812 15.812
1381578123 55 70.700 15.700
1381578724 55 70.587 15.587
1381579325 55 70.587 15.587
1381579926 54 70.475 16.475
1381580527 54 70.475 16.475
1381581128 54 70.362 16.362
1381581730 54 70.362 16.362
1381582331 54 70.250 16.250
1381582932 54 70.137 16.137
1381583533 52 70.025 18.025
1381584134 52 70.025 18.025
1381584735 52 69.912 17.912
1381585336 52 69.912 17.912
1381585937 52 69.800 17.800
1381586538 52 69.800 17.800
1381587139 54 69.800 15.800
1381587740 54 69.912 15.912
1381588341 54 69.912 15.912
1381588943 54 70.137 16.137
1381589544 54 70.475 16.475
1381590145 54 70.812 16.812
1381590746 57 71.150 14.150
1381591347 57 71.600 14.600
1381591949 57 72.050 15.050
1381592549 57 72.387 15.387
1381593150 57 72.725 15.725
1381593751 57 73.062 16.062
1381594353 60 73.400 13.400
1381594953 60 73.737 13.737
1381595555 60 73.962 13.962
1381596156 60 74.300 14.300
1381596757 60 74.525 14.525
1381597358 60 74.637 14.637
1381597959 62 74.637 12.637
1381598560 62 74.750 12.750
1381599161 62 74.862 12.862
1381599763 62 73.850 11.850
1381600364 62 73.850 11.850
1381600964 62 73.850 11.850
1381601565 65 73.962 8.962
1381602167 65 73.962 8.962
1381602768 65 73.962 8.962
1381603369 65 73.962 8.962
1381603970 65 73.962 8.962
1381604571 65 74.075 9.075
1381605172 66 74.075 8.075
1381605774 66 74.075 8.075
1381606375 66 74.075 8.075
1381606976 66 74.075 8.075
1381607577 66 74.075 8.075
1381608178 66 74.075 8.075
1381608779 66 74.075 8.075
1381609380 66 74.075 8.075
1381609981 66 74.075 8.075
1381610582 66 73.962 7.962
1381611183 66 73.962 7.962
1381611784 66 73.962 7.962
1381612386 66 73.962 7.962
1381612987 66 73.962 7.962
1381613588 66 74.075 8.075
1381614189 66 74.075 8.075
1381614790 66 74.075 8.075
1381615392 66 74.187 8.187
1381615993 65 74.187 9.187
1381616594 65 74.187 9.187
1381617195 65 74.187 9.187
1381617796 65 74.075 9.075
1381618397 65 74.075 9.075
1381618999 65 74.075 9.075
1381619600 62 73.962 11.962
1381620201 62 73.962 11.962
1381620802 62 73.850 11.850
1381621403 62 73.850 11.850
1381622004 62 73.850 11.850
1381622607 62 73.737 11.737
1381623208 55 73.625 18.625
1381623809 55 73.625 18.625
1381624410 55 73.400 18.400
1381625011 55 73.400 18.400
1381625613 55 73.287 18.287
1381626215 55 73.175 18.175
1381626816 51 73.062 22.062
1381627417 51 72.950 21.950
1381628018 51 72.837 21.837
1381628619 51 72.725 21.725
1381629220 51 72.612 21.612
1381629822 51 72.500 21.500
1381630422 51 72.387 21.387
1381631023 51 72.275 21.275
1381631624 51 72.162 21.162
1381632225 51 72.050 21.050
1381632826 51 71.937 20.937
1381633427 51 71.825 20.825
1381634028 45 71.712 26.712
1381634630 45 71.487 26.487
1381635230 45 71.487 26.487
1381635832 45 71.262 26.262
1381636433 45 71.150 26.150
1381637034 45 71.150 26.150
1381637635 46 70.925 24.925
1381638236 46 70.925 24.925
1381638838 46 70.812 24.812
1381639438 46 70.587 24.587
1381640039 46 70.475 24.475
1381640640 46 70.475 24.475
1381641241 46 70.362 24.362
1381641842 46 70.250 24.250
1381642443 46 70.137 24.137
1381643044 46 70.025 24.025
1381643645 46 69.912 23.912
1381644246 46 69.912 23.912
1381644847 46 69.687 23.687
1381645449 46 69.575 23.575
1381646049 46 69.575 23.575
1381646651 46 69.462 23.462
1381647253 46 69.350 23.350
1381647854 46 69.237 23.237
1381648456 42 69.237 27.237
1381649057 42 69.125 27.125
1381649658 42 69.012 27.012
1381650259 42 68.900 26.900
1381650860 42 68.787 26.787
1381651461 42 68.787 26.787
1381652062 41 68.675 27.675
1381652663 41 68.675 27.675
1381653264 41 68.450 27.450
1381653867 41 68.337 27.337
1381654468 41 68.337 27.337
1381655069 41 68.225 27.225
1381655670 39 68.112 29.112
1381656271 39 68.112 29.112
1381656872 39 68.000 29.000
1381657475 39 67.775 28.775
1381658076 39 67.775 28.775
1381658678 39 67.662 28.662
1381659278 39  -39
1381659878 39 67.550 28.550
1381660480 39 67.437 28.437
1381661081 39 67.325 28.325
1381661682 39 67.212 28.212
1381662283 39 67.212 28.212
1381662884 38 67.100 29.100
1381663485 38 66.987 28.987
1381664086 38 66.875 28.875
1381664687 38 66.762 28.762
1381665288 38 66.650 28.650
1381665889 38 66.650 28.650
1381666490 36 66.537 30.537
1381667091 36 66.425 30.425
1381667693 36 66.312 30.312
1381668293 36 66.312 30.312
1381668895 36 66.200 30.200
1381669496 36 66.087 30.087
1381670097 37 65.975 28.975
1381670698 37 65.975 28.975
1381671300 37 65.975 28.975
1381671900 37 65.862 28.862
1381672501 37 65.862 28.862
1381673102 37 65.862 28.862
1381673703 44 65.862 21.862
1381674305 44 65.862 21.862
1381674906 44 65.975 21.975
1381675507 44 66.200 22.200
1381676108 44 66.650 22.650
1381676709 44 66.987 22.987
1381677310 50 67.325 17.325
1381677912 50 67.662 17.662
1381678513 50 68.112 18.112
1381679115 50 68.450 18.450
1381679716 50 68.900 18.900
1381680317 50 69.237 19.237
1381680919 56 69.575 13.575
1381681520 56 69.912 13.912
1381682121 56 70.137 14.137
1381682722 56 70.362 14.362
1381683323 56 70.587 14.587
1381683924 56 70.700 14.700
1381684525 58 70.700 12.700
1381685126 58 70.812 12.812
1381685727 58 70.812 12.812
1381686328 58 70.925 12.925
1381686929 58 70.925 12.925
1381687531 58 70.925 12.925
1381688132 60 71.037 11.037
1381688733 60 71.037 11.037
1381689334 60 71.037 11.037
1381689936 60 71.037 11.037
1381690537 60 71.150 11.150
1381691139 60 71.150 11.150
1381691739 62 71.150 9.150
1381692341 62 71.150 9.150
1381692941 62 71.150 9.150
1381693542 62 71.150 9.150
1381694144 62 71.150 9.150
1381694744 62 71.150 9.150
1381695345 63 71.150 8.150
1381695947 63 71.150 8.150
1381696548 63 71.037 8.037
1381697149 63 71.037 8.037
1381697750 63 71.037 8.037
1381698352 63 71.037 8.037
1381698953 63 71.037 8.037
1381699554 63 71.037 8.037
1381700155 63 71.037 8.037
1381700756 63 71.150 8.150
1381701357 63 71.150 8.150
1381701958 63 71.150 8.150
1381702559 63 71.150 8.150
1381703160 63 71.150 8.150
1381703761 63 71.150 8.150
1381704362 63 71.037 8.037
1381704964 63 71.037 8.037
1381705565 63 71.037 8.037
1381706166 61 70.925 9.925
1381706767 61 70.925 9.925
1381707368 61 70.812 9.812
1381707969 61 70.812 9.812
1381708570 61 70.700 9.700
1381709171 61 70.587 9.587
1381709772 56 70.475 14.475
1381710374 56 70.362 14.362
1381710974 56 70.362 14.362
1381711575 56 70.250 14.250
1381712177 56 70.025 14.025
1381712778 56 69.912 13.912
1381713379 49 69.800 20.800
1381713980 49 69.687 20.687
1381714581 49 69.575 20.575
1381715182 49 69.462 20.462
1381715783 49 69.237 20.237
1381716384 49 69.125 20.125
1381716985 47 69.125 22.125
1381717587 47 69.012 22.012
1381718188 47 68.787 21.787
1381718789 47 68.675 21.675
1381719391 47 68.562 21.562
1381719991 47 68.450 21.450
1381720592 46 68.337 22.337
1381721193 46 68.225 22.225
1381721794 46 68.112 22.112
1381722395 46 68.000 22.000
1381722996 46 67.887 21.887
1381723597 46 67.775 21.775
1381724198 45 67.662 22.662
1381724799 45 67.550 22.550
1381725401 45 67.437 22.437
1381726002 45 67.325 22.325
1381726603 45 67.212 22.212
1381727204 45 67.100 22.100
1381727805 43 66.987 23.987
1381728406 43 66.875 23.875
1381729007 43 66.762 23.762
1381729608 43 66.650 23.650
1381730209 43 66.650 23.650
1381730811 43 66.537 23.537
1381731411 43 66.425 23.425
1381732013 43 66.312 23.312
1381732614 43 66.200 23.200
1381733215 43 66.087 23.087
1381733816 43 65.975 22.975
1381734417 43 65.862 22.862
1381735018 40 65.862 25.862
1381735619 40 65.750 25.750
1381736220 40 65.637 25.637
1381736821 40 65.525 25.525
1381737422 40 65.525 25.525
1381738023 40 65.300 25.300
1381738624 40 65.300 25.300
1381739225 40 65.187 25.187
1381739827 40 65.075 25.075
1381740428 40 64.962 24.962
1381741029 40 64.850 24.850
1381741630 40 64.737 24.737
1381742231 41 64.737 23.737
1381742832 41 64.625 23.625
1381743433 41 64.512 23.512
1381744034 41 64.512 23.512
1381744635 41 64.400 23.400
1381745236 38 64.287 26.287
1381745842 38 64.175 26.175
1381746443 38 64.062 26.062
1381747044 38 64.062 26.062
1381747646 38 63.950 25.950
1381748247 38 63.837 25.837
1381748848 38 63.837 25.837
1381749449 40 63.725 23.725
1381750050 40 63.612 23.612
1381750652 40 63.500 23.500
1381751253 40 63.500 23.500
1381751854 40 63.387 23.387
1381752455 38 63.387 25.387
1381753056 38 63.275 25.275
1381753658 38 63.162 25.162
1381754259 38 63.050 25.050
1381754860 38 63.050 25.050
1381755462 38 62.937 24.937
1381756063 38 62.937 24.937
1381756664 39 62.825 23.825
1381757265 39 62.825 23.825
1381757866 39 62.712 23.712
1381758467 39 62.712 23.712
1381759068 39 62.712 23.712
1381759670 46 62.712 16.712
1381760271 46 62.712 16.712
1381760872 46 62.825 16.825
1381761473 46 63.050 17.050
1381762074 46 63.387 17.387
1381762675 46 63.612 17.612
1381763276 46 63.950 17.950
1381763878 52 64.287 12.287
1381764479 52 64.737 12.737
1381765080 52 64.962 12.962
1381765681 52 65.187 13.187
1381766282 52 65.525 13.525
1381766884 56 65.975 9.975
1381767485 56 66.200 10.200
1381768086 56 66.425 10.425
1381768687 56 66.650 10.650
1381769288 56 66.875 10.875
1381769890 56 67.100 11.100
1381770490 56 67.212 11.212
1381771092 59 67.212 8.212
1381771693 59 67.212 8.212
1381772295 59 67.325 8.325
1381772895 59 67.437 8.437
1381773496 59 67.437 8.437
1381774098 61 67.437 6.437
1381774699 61 67.550 6.550
1381775300 61 67.550 6.550
1381775901 61 67.550 6.550
1381776502 61 67.662 6.662
1381777104 61 67.662 6.662
1381777706 61 67.662 6.662
1381778307 62 67.662 5.662
1381778908 62 67.775 5.775
1381779509 62 67.775 5.775
1381780110 62 67.775 5.775
1381780712 62 67.775 5.775
1381781313 63 67.887 4.887
1381781915 63 67.775 4.775
1381782516 63 67.887 4.887
1381783117 63 67.887 4.887
1381783719 63 67.887 4.887
1381784319 63 67.887 4.887
1381784920 63 67.887 4.887
1381785521 64 67.887 3.887
1381786123 64 67.887 3.887
1381786724 64 67.887 3.887
1381787325 64 67.887 3.887
1381787927 64 68.000 4.000
1381788528 64 68.000 4.000
1381789129 64 68.000 4.000
1381789730 64 68.000 4.000
1381790331 64 67.887 3.887
1381790933 64 67.887 3.887
1381791534 64 67.887 3.887
1381792135 64 67.887 3.887
1381792736 60 67.887 7.887
1381793337 60 67.887 7.887
1381793938 60 67.775 7.775
1381794539 60 67.775 7.775
1381795140 60 67.662 7.662
1381795742 57 67.662 10.662
1381796343 57 67.662 10.662
1381796945 57 67.662 10.662
1381797546 57 67.550 10.550
1381798147 57 67.550 10.550
1381798748 57 67.437 10.437
1381799349 58 67.437 9.437
1381799950 58 67.325 9.325
1381800551 58 67.325 9.325
1381801152 58 67.325 9.325
1381801753 58 67.212 9.212
1381802354 58 67.212 9.212
1381802955 57 67.100 10.100
1381803557 57 66.987 9.987
1381804158 57 66.987 9.987
1381804760 57 66.875 9.875
1381805362 57 66.875 9.875
1381805963 57 66.762 9.762
1381806564 58 66.762 8.762
1381807165 58 66.762 8.762
1381807766 58 66.650 8.650
1381808367 58 66.537 8.537
1381808968 58 66.537 8.537
1381809569 58 66.425 8.425
1381810171 59 66.425 7.425
1381810771 59 66.312 7.312
1381811372 59 66.312 7.312
1381811974 59 66.200 7.200
1381812575 59 66.200 7.200
1381813176 59 66.087 7.087
1381813777 57 66.087 9.087
1381814378 57 65.975 8.975
1381814979 57 65.862 8.862
1381815580 57 65.862 8.862
1381816181 57 65.750 8.750
1381816784 57 65.750 8.750
1381817385 57 65.750 8.750
1381817986 56 65.637 9.637
1381818586 56 65.525 9.525
1381819188 56 65.525 9.525
1381819788 56 65.412 9.412
1381820390 56 65.412 9.412
1381820992 59 65.412 6.412
1381821593 59 65.300 6.300
1381822194 59 65.300 6.300
1381822795 59 65.187 6.187
1381823396 59 65.075 6.075
1381823998 59 65.075 6.075
1381824600 59 65.075 6.075
1381825201 59 65.075 6.075
1381825802 59 64.962 5.962
1381826403 59 64.962 5.962
1381827004 59 64.962 5.962
1381827605 59 64.850 5.850
1381828206 55 64.850 9.850
1381828807 55 64.737 9.737
1381829408 55 64.737 9.737
1381830009 55 64.737 9.737
1381830610 55 64.625 9.625
1381831211 55 64.625 9.625
1381831812 55 64.512 9.512
1381832413 55 64.512 9.512
1381833015 55 64.512 9.512
1381833616 55 64.512 9.512
1381834217 55 64.400 9.400
1381834819 55 64.400 9.400
1381835420 55 64.287 9.287
1381836021 56 64.287 8.287
1381836622 57 64.287 7.287
1381837223 57 64.287 7.287
1381837824 57 64.175 7.175
1381838426 57 64.175 7.175
1381839026 57 64.175 7.175
1381839628 57 64.175 7.175
1381840229 57 64.062 7.062
1381840830 57 64.062 7.062
1381841431 57 64.062 7.062
1381842032 57 64.062 7.062
1381842634 58 63.950 5.950
1381843234 58 63.950 5.950
1381843835 58 63.950 5.950
1381844436 58 63.950 5.950
1381845037 58 63.837 5.837
1381845638 58 63.950 5.950
1381846239 59 63.837 4.837
1381846841 59 63.837 4.837
1381847442 59 63.837 4.837
1381848043 59 63.837 4.837
1381848644 59 63.837 4.837
1381849245 55 63.837 8.837
1381849846 56 63.837 7.837
1381850447 56 63.837 7.837
1381851048 56 63.837 7.837
1381851649 56 63.837 7.837
1381852250 56 63.837 7.837
1381852851 56 63.837 7.837
1381853453 55 63.837 8.837
1381854053 55 63.837 8.837
1381854655 55 63.837 8.837
1381855256 55 63.950 8.950
1381855857 55 64.062 9.062
1381856458 55 64.062 9.062
1381857059 57 64.062 7.062
1381857660 57 64.062 7.062
1381858261 57 64.175 7.175
1381858862 57 64.175 7.175
1381859463 57 64.287 7.287
1381860064 57 64.287 7.287
1381860665 57 64.400 7.400
1381861266 57 64.400 7.400
1381861867 57 64.400 7.400
1381862468 57 64.400 7.400
1381863070 57 64.512 7.512
1381863671 57 64.512 7.512
1381864272 56 64.512 8.512
1381864873 56 64.625 8.625
1381865474 56 64.625 8.625
1381866076 56 64.625 8.625
1381866679 56 64.625 8.625
1381867279 56 64.625 8.625
1381867881 57 64.625 7.625
1381868483 57 64.737 7.737
1381869084 57 64.625 7.625
1381869684 57 64.737 7.737
1381870286 57 64.737 7.737
1381870887 57 64.737 7.737
1381871488 54 64.737 10.737
1381872090 54 64.737 10.737
1381872692 54 64.850 10.850
1381873294 54 64.850 10.850
1381873894 54 64.737 10.737
1381874495 54 64.737 10.737
1381875096 53 64.737 11.737
1381875697 53 64.737 11.737
1381876299 53 64.737 11.737
1381876899 53 64.737 11.737
1381877501 53 64.625 11.625
1381878102 53 64.625 11.625
1381878703 52 64.625 12.625
1381879304 52 64.512 12.512
1381879905 52 64.512 12.512
1381880506 52 64.512 12.512
1381881108 52 64.400 12.400
1381881709 52 64.400 12.400
1381882310 51 64.287 13.287
1381882912 51 64.175 13.175
1381883512 51 64.175 13.175
1381884113 51 64.062 13.062
1381884714 51 64.062 13.062
1381885317 51 63.950 12.950
1381885918 51 63.950 12.950
1381886519 51 63.837 12.837
1381887120 51 63.837 12.837
1381887721 51 63.725 12.725
1381888322 51 63.725 12.725
1381888923 51 63.612 12.612
1381889525 50 63.612 13.612
1381890127 50 63.500 13.500
1381890728 50 63.500 13.500
1381891330 50 63.387 13.387
1381891930 50 63.387 13.387
1381892531 50 63.387 13.387
1381893132 49 63.275 14.275
1381893733 49 63.162 14.162
1381894334 49 63.162 14.162
1381894935 49 63.050 14.050
1381895536 49 63.050 14.050
1381896138 49 62.937 13.937
1381896739 49 62.937 13.937
1381897340 49 62.937 13.937
1381897941 49 62.825 13.825
1381898542 49 62.825 13.825
1381899144 49 62.825 13.825
1381899746 49 62.712 13.712
1381900347 49 62.600 13.600
1381900948 49 62.600 13.600
1381901550 49 62.600 13.600
1381902150 49 62.600 13.600
1381902752 49 62.487 13.487
1381903353 49 62.487 13.487
1381903954 49 62.375 13.375
1381904555 49 62.375 13.375
1381905156 49 62.375 13.375
1381905759 49 62.262 13.262
1381906360 49 62.262 13.262
1381906962 49 62.150 13.150
1381907563 49 62.150 13.150
1381908169 49 62.150 13.150
1381908771 49 62.037 13.037
1381909372 49 62.037 13.037
1381909973 49 62.037 13.037
1381910574 49 61.925 12.925
1381911176 48 61.925 13.925
1381911777 48 61.812 13.812
1381912378 48 61.812 13.812
1381912979 48 61.812 13.812
1381913580 48 61.700 13.700
1381914182 48 61.700 13.700
1381914783 47 61.587 14.587
1381915385 47 61.587 14.587
1381915986 47 61.475 14.475
1381916587 47 61.475 14.475
1381917188 47 61.362 14.362
1381917789 47 61.362 14.362
1381918391 47 61.362 14.362
1381918992 47 61.362 14.362
1381919593 47 61.362 14.362
1381920194 47 61.250 14.250
1381920795 47 61.250 14.250
1381921397 47 61.137 14.137
1381921998 47 61.137 14.137
1381922599 47 61.137 14.137
1381923201 47 61.025 14.025
1381923801 47 61.025 14.025
1381924403 47 61.025 14.025
1381925004 47 60.912 13.912
1381925605 47 60.912 13.912
1381926206 47 60.800 13.800
1381926807 47 60.800 13.800
1381927408 47 60.800 13.800
1381928009 47 60.800 13.800
1381928610 47 60.687 13.687
1381929211 47 60.687 13.687
1381929813 47 60.687 13.687
1381930414 47 60.575 13.575
1381931015 47 60.575 13.575
1381931616 47 60.575 13.575
1381932217 47 60.462 13.462
1381932818 47 60.575 13.575
1381933419 47 60.462 13.462
1381934022 47 60.462 13.462
1381934623 47 60.462 13.462
1381935224 47 60.350 13.350
1381935825 47 60.350 13.350
1381936426 48 60.350 12.350
1381937027 48 60.350 12.350
1381937628 48 60.237 12.237
1381938230 48 60.237 12.237
1381938830 48 60.237 12.237
1381939431 48 60.237 12.237
1381940035 49 60.237 11.237
1381940635 49 60.237 11.237
1381941236 49 60.237 11.237
1381941837 49 60.237 11.237
1381942438 49 60.125 11.125
1381943039 49 60.237 11.237
1381943641 50 60.125 10.125
1381944242 48 60.125 12.125
1381944843 48 60.125 12.125
1381945444 48 60.125 12.125
1381946045 48 60.125 12.125
1381946646 48 60.125 12.125
1381947247 50 60.125 10.125
1381947848 50 60.125 10.125
1381948449 50 60.125 10.125
1381949050 50 60.125 10.125
1381949651 50 60.125 10.125
1381950252 50 60.012 10.012
1381950854 50 60.012 10.012
1381951455 50 60.012 10.012
1381952056 50 60.012 10.012
1381952657 50 60.012 10.012
1381953259 50 60.012 10.012
1381953860 50 60.012 10.012
1381954462 50 60.012 10.012
1381955062 50 60.012 10.012
1381955664 50 60.012 10.012
1381956265 50 60.012 10.012
1381956866 50 60.012 10.012
1381957467 50 59.900 9.900
1381958068 50 59.900 9.900
1381958669 50 59.900 9.900
1381959270 48 59.900 11.900
1381959871 48 59.900 11.900
1381960472 46 59.787 13.787
1381961073 46 59.787 13.787
1381961674 48 59.787 11.787
1381962276 48 59.787 11.787
1381962877 48 59.675 11.675
1381963477 48 59.675 11.675
1381964079 48 59.675 11.675
1381964680 48 59.562 11.562
1381965281 47 59.562 12.562
1381965882 47 59.562 12.562
1381966485 47 59.562 12.562
1381967086 47 59.562 12.562
1381967687 47 59.450 12.450
1381968288 47 59.450 12.450
1381968889 47 59.450 12.450
1381969490 46 59.337 13.337
1381970091 46 59.337 13.337
1381970692 46 59.337 13.337
1381971293 46 59.337 13.337
1381971896 46 59.225 13.225
1381972496 47 59.225 12.225
1381973097 47 59.225 12.225
1381973698 47 59.225 12.225
1381974299 47 59.112 12.112
1381974901 47 59.112 12.112
1381975502 47 59.112 12.112
1381976104 47 59.112 12.112
1381976705 47 59.000 12.000
1381977305 47 59.000 12.000
1381977906 47 59.000 12.000
1381978508 47 59.000 12.000
1381979109 47 59.000 12.000
1381979710 47 58.887 11.887
1381980311 47 58.887 11.887
1381980912 47 58.887 11.887
1381981513 47 58.887 11.887
1381982115 47 58.887 11.887
1381982716 47 58.775 11.775
1381983317 47 58.775 11.775
1381983918 47 58.775 11.775
1381984519 47 58.662 11.662
1381985120 46 58.662 12.662
1381985722 46 58.662 12.662
1381986322 46 58.550 12.550
1381986923 46 58.662 12.662
1381987524 46 58.550 12.550
1381988125 46 58.550 12.550
1381988726 46 58.550 12.550
1381989327 46 58.550 12.550
1381989928 46 58.550 12.550
1381990530 46 58.437 12.437
1381991131 46 58.437 12.437
1381991732 46 58.437 12.437
1381992333 46 58.437 12.437
1381992934 46 58.325 12.325
1381993535 46 58.325 12.325
1381994136 46 58.325 12.325
1381994737 46 58.212 12.212
1381995338 46 58.325 12.325
1381995939 46 58.212 12.212
1381996540 46 58.212 12.212
1381997141 46 58.100 12.100
1381997743 46 58.212 12.212
1381998343 46 58.100 12.100
1381998945 46 58.100 12.100
1381999546 46 58.100 12.100
1382000147 46 58.100 12.100
1382000748 46 58.100 12.100
1382001349 46 57.987 11.987
1382001950 46 57.987 11.987
1382002551 46 57.987 11.987
1382003153 46 57.875 11.875
1382003755 46 57.875 11.875
1382004356 45 57.875 12.875
1382004958 45 57.875 12.875
1382005559 45 57.875 12.875
1382006159 45 57.762 12.762
1382006761 45 57.762 12.762
1382007362 45 57.762 12.762
1382007963 45 57.650 12.650
1382008564 44 57.762 13.762
1382009165 44 57.650 13.650
1382009767 44 57.650 13.650
1382010368 44 57.650 13.650
1382010969 44 57.537 13.537
1382011570 44 57.537 13.537
1382012171 44 57.537 13.537
1382012772 44 57.537 13.537
1382013373 44 57.537 13.537
1382013975 44 57.425 13.425
1382014575 44 57.425 13.425
1382015177 44 57.425 13.425
1382015778 43 57.425 14.425
1382016378 43 57.312 14.312
1382016979 43 57.312 14.312
1382017581 43 57.312 14.312
1382018181 43 57.312 14.312
1382018782 43 57.312 14.312
1382019383 44 57.312 13.312
1382019984 44 57.312 13.312
1382020585 44 57.200 13.200
1382021186 44 57.200 13.200
1382021787 44 57.200 13.200
1382022388 44 57.200 13.200
1382022989 46 57.200 11.200
1382023590 46 57.200 11.200
1382024191 46 57.200 11.200
1382024792 46 57.200 11.200
1382025393 46 57.425 11.425
1382025994 46 57.875 11.875
1382026595 47 58.437 11.437
1382027197 47 58.775 11.775
1382027797 47 59.112 12.112
1382028398 47 59.337 12.337
1382028999 47 59.562 12.562
1382029600 47 59.675 12.675
1382030201 54 59.675 5.675
1382030802 54 59.787 5.787
1382031403 54 59.787 5.787
1382032004 54 59.787 5.787
1382032605 54 59.787 5.787
1382033206 54 59.900 5.900
1382033808 56 59.900 3.900
1382034409 56 60.012 4.012
1382035010 56 60.012 4.012
1382035611 56 60.012 4.012
1382036213 56 60.012 4.012
1382036814 56 60.237 4.237
1382037415 59 60.237 1.237
1382038016 59 60.125 1.125
1382038617 59 60.237 1.237
1382039218 59 60.237 1.237
1382039819 59 60.237 1.237
1382040420 59 60.350 1.350
1382041022 59 60.350 1.350
1382041622 59 60.350 1.350
1382042224 59 60.462 1.462
1382042825 59 60.462 1.462
1382043426 59 60.462 1.462
1382044027 59 60.462 1.462
1382044628 60 60.575 .575
1382045229 60 60.575 .575
1382045831 60 60.575 .575
1382046432 60 60.687 .687
1382047033 60 60.687 .687
1382047634 59 60.687 1.687
1382048235 59 60.800 1.800
1382048836 59 60.800 1.800
1382049438 59 60.687 1.687
1382050038 59 60.800 1.800
1382050639 59 60.800 1.800
1382051240 59 60.800 1.800
1382051841 54 60.687 6.687
1382052442 54 60.687 6.687
1382053043 54 60.687 6.687
1382053645 54 60.687 6.687
1382054247 54 60.687 6.687
1382054848 51 60.575 9.575
1382055449 51 60.575 9.575
1382056050 51 60.575 9.575
1382056651 51 60.462 9.462
1382057252 51 60.462 9.462
1382057853 51 60.350 9.350
1382058454 51 60.350 9.350
1382059055 45 60.237 15.237
1382059657 45 60.125 15.125
1382060259 45 60.125 15.125
1382060860 45 60.012 15.012
1382061461 45 60.012 15.012
1382062062 45 59.900 14.900
1382062664 45 59.787 14.787
1382063264 45 59.675 14.675
1382063865 45 59.562 14.562
1382064466 45 59.562 14.562
1382065067 45 59.450 14.450
1382065669 41 59.337 18.337
1382066271 41 59.225 18.225
1382066872 41 59.225 18.225
1382067473 41 59.112 18.112
1382068074 41 59.000 18.000
1382068675 41 59.000 18.000
1382069276 41 58.887 17.887
1382069877 44 58.887 14.887
1382070478 44 58.775 14.775
1382071079 44 58.662 14.662
1382071682 44 58.662 14.662
1382072283 44 58.550 14.550
1382072884 45 58.550 13.550
1382073485 45 58.437 13.437
1382074086 45 58.325 13.325
1382074688 45 58.325 13.325
1382075290 45 58.325 13.325
1382075890 45 58.212 13.212
1382076491 45 58.212 13.212
1382077093 42 58.100 16.100
1382077694 42 58.100 16.100
1382078296 45 57.987 12.987
1382078896 45 57.987 12.987
1382079497 45 57.875 12.875
1382080098 45 57.875 12.875
1382080699 45 57.762 12.762
1382081301 45 57.762 12.762
1382081902 45 57.762 12.762
1382082503 45 57.650 12.650
1382083104 45 57.650 12.650
1382083705 45 57.537 12.537
1382084306 44 57.537 13.537
1382084907 44 57.537 13.537
1382085508 44 57.425 13.425
1382086109 44 57.425 13.425
1382086710 44 57.312 13.312
1382087313 43 57.312 14.312
1382087914 43 57.312 14.312
1382088515 43 57.312 14.312
1382089116 43 57.200 14.200
1382089717 43 57.200 14.200
1382090318 43 57.087 14.087
1382090919 43 57.087 14.087
1382091521 43 56.975 13.975
1382092122 43 56.975 13.975
1382092723 43 56.975 13.975
1382093324 43 56.975 13.975
1382093925 43 56.862 13.862
1382094526 43 56.862 13.862
1382095127 43 56.750 13.750
1382095728 43 56.750 13.750
1382096330 43 56.637 13.637
1382096938 43 56.637 13.637
1382097538 43 56.637 13.637
1382098139 43 56.637 13.637
1382098740 43 56.525 13.525
1382099341 43 56.525 13.525
1382099944 43 56.525 13.525
1382100546 43 56.412 13.412
1382101146 43 56.412 13.412
1382101747 43 56.412 13.412
1382102348 44 56.300 12.300
1382102949 44 56.300 12.300
1382103550 44 56.300 12.300
1382104151 44 56.300 12.300
1382104752 44 56.300 12.300
1382105353 43 56.187 13.187
1382105954 43 56.187 13.187
1382106555 43 56.187 13.187
1382107157 43 56.187 13.187
1382107758 43 56.075 13.075
1382108359 43 56.187 13.187
1382108960 43 56.187 13.187
1382109561 45 56.187 11.187
1382110162 45 56.075 11.075
1382110763 45 56.075 11.075
1382111364 45 56.075 11.075
1382111965 45 56.075 11.075
1382112566 45 56.075 11.075
1382113168 45 56.075 11.075
1382113768 45 56.075 11.075
1382114370 45 56.075 11.075
1382114971 45 56.075 11.075
1382115573 45 56.075 11.075
1382116174 45 56.075 11.075
1382116775 46 56.187 10.187
1382117376 46 56.300 10.300
1382117977 46 56.300 10.300
1382118578 46 56.300 10.300
1382119179 46 56.412 10.412
1382119780 48 56.412 8.412
1382120381 48 56.412 8.412
1382120982 48 56.525 8.525
1382121584 48 56.525 8.525
1382122185 48 56.637 8.637
1382122786 48 56.637 8.637
1382123387 48 56.637 8.637
1382123988 50 56.750 6.750
1382124589 50 56.750 6.750
1382125191 50 56.750 6.750
1382125792 50 56.862 6.862
1382126393 50 56.862 6.862
1382126994 50 56.862 6.862
1382127595 50 56.975 6.975
1382128196 50 57.087 7.087
1382128797 50 56.975 6.975
1382129398 50 56.975 6.975
1382130000 50 57.087 7.087
1382130600 50 57.087 7.087
1382131201 50 57.087 7.087
1382131803 50 57.200 7.200
1382132404 50 57.200 7.200
1382133005 50 57.200 7.200
1382133606 50 57.200 7.200
1382134207 50 57.200 7.200
1382134808 50 57.200 7.200
1382135409 50 57.200 7.200
1382136010 50 57.200 7.200
1382136611 50 57.312 7.312
1382137212 50 57.200 7.200
1382137813 48 57.200 9.200
1382138415 48 57.200 9.200
1382139016 46 57.200 11.200
1382139617 46 57.200 11.200
1382140218 46 57.200 11.200
1382140819 46 57.200 11.200
1382141420 45 57.087 12.087
1382142021 45 57.087 12.087
1382142622 45 56.975 11.975
1382143223 45 56.975 11.975
1382143825 45 56.975 11.975
1382144425 45 56.862 11.862
1382145027 43 56.862 13.862
1382145628 43 56.750 13.750
1382146230 43 56.750 13.750
1382146831 43 56.637 13.637
1382147432 43 56.637 13.637
1382148033 43 56.637 13.637
1382148634 42 56.525 14.525
1382149235 42 56.525 14.525
1382149836 42 56.412 14.412
1382150437 42 56.412 14.412
1382151038 42 56.412 14.412
1382151639 42 56.300 14.300
1382152241 42 56.300 14.300
1382152841 42 56.187 14.187
1382153442 42 56.187 14.187
1382154043 42 56.187 14.187
1382154644 42 56.075 14.075
1382155245 42 56.075 14.075
1382155847 40 55.962 15.962
1382156448 40 55.962 15.962
1382157049 40 55.962 15.962
1382157650 40 55.850 15.850
1382158251 40 55.850 15.850
1382158853 40 55.850 15.850
1382159453 40 55.737 15.737
1382160054 40 55.737 15.737
1382160655 40 55.737 15.737
1382161258 40 55.625 15.625
1382161858 40 55.625 15.625
1382162460 40 55.512 15.512
1382163061 40 55.625 15.625
1382163662 40 55.512 15.512
1382164263 40 55.400 15.400
1382164864 40 55.400 15.400
1382165465 40 55.400 15.400
1382166066 40 55.400 15.400
1382166667 38 55.287 17.287
1382167268 38 55.175 17.175
1382167869 38 55.287 17.287
1382168470 38 55.175 17.175
1382169072 38 55.175 17.175
1382169672 38 55.062 17.062
1382170273 37 55.062 18.062
1382170875 37 55.062 18.062
1382171476 37 54.950 17.950
1382172078 37 54.950 17.950
1382172678 37 54.837 17.837
1382173279 37 54.837 17.837
1382173880 35 54.837 19.837
1382174481 35 54.837 19.837
1382175082 35 54.837 19.837
1382175683 35 54.725 19.725
1382176284 35 54.725 19.725
1382176885 35 54.612 19.612
1382177486 38 54.612 16.612
1382178087 38 54.612 16.612
1382178689 38 54.500 16.500
1382179290 38 54.500 16.500
1382179891 38 54.500 16.500
1382180492 38 54.387 16.387
1382181093 38 54.387 16.387
1382181694 38 54.275 16.275
1382182296 38 54.275 16.275
1382182896 38 54.275 16.275
1382183497 38 54.275 16.275
1382184098 38 54.162 16.162
1382184699 36 54.162 18.162
1382185301 36 54.050 18.050
1382185901 36 54.050 18.050
1382186502 36 54.050 18.050
1382187104 36 54.050 18.050
1382187705 36 53.937 17.937
1382188306 36 53.937 17.937
1382188907 36 53.937 17.937
1382189508 36 53.937 17.937
1382190111 36 53.825 17.825
1382190712 36 53.825 17.825
1382191313 36 53.825 17.825
1382191914 40 53.937 13.937
1382192515 40 53.937 13.937
1382193116 40 54.050 14.050
1382193717 40 54.275 14.275
1382194319 40 54.725 14.725
1382194920 40 55.062 15.062
1382195521 44 55.737 11.737
1382196122 44 56.187 12.187
1382196723 44 56.637 12.637
1382197325 44 56.975 12.975
1382197925 44 57.425 13.425
1382198527 44 57.650 13.650
1382199127 49 57.875 8.875
1382199728 49 57.987 8.987
1382200330 49 57.987 8.987
1382200931 49 58.100 9.100
1382201532 49 58.100 9.100
1382202133 49 58.100 9.100
1382202734 49 58.212 9.212
1382203335 49 58.325 9.325
1382203937 49 58.325 9.325
1382204537 49 58.437 9.437
1382205138 49 59.112 10.112
1382205740 49 59.225 10.225
1382206341 52 59.225 7.225
1382206942 52 59.337 7.337
1382207543 52 59.337 7.337
1382208144 52 59.337 7.337
1382208745 52 59.337 7.337
1382209346 52 59.337 7.337
1382209947 49 59.337 10.337
1382210549 49 59.337 10.337
1382211150 49 59.337 10.337
1382211751 49 59.337 10.337
1382212353 49 59.337 10.337
1382212953 49 59.337 10.337
1382213554 47 59.337 12.337
1382214155 47 59.337 12.337
1382214756 47 59.225 12.225
1382215357 47 59.225 12.225
1382215959 47 59.337 12.337
1382216560 47 59.225 12.225
1382217161 50 59.337 9.337
1382217762 50 59.337 9.337
1382218363 50 59.225 9.225
1382218964 50 59.337 9.337
1382219565 50 59.337 9.337
1382220167 50 59.450 9.450
1382220769 51 59.450 8.450
1382221369 51 59.450 8.450
1382221970 51 59.450 8.450
1382222571 51 59.450 8.450
1382223172 51 59.450 8.450
1382223773 51 59.450 8.450
1382224375 50 59.337 9.337
1382224976 50 59.337 9.337
1382225577 50 59.337 9.337
1382226180 50 59.337 9.337
1382226781 50 59.225 9.225
1382227382 50 59.225 9.225
1382227983 47 59.225 12.225
1382228585 47 59.112 12.112
1382229186 47 59.112 12.112
1382229787 47 59.000 12.000
1382230388 47 59.000 12.000
1382230989 47 58.887 11.887
1382231590 42 58.775 16.775
1382232191 42 58.662 16.662
1382232793 42 58.550 16.550
1382233394 42 58.437 16.437
1382233995 42 58.437 16.437
1382234596 42 58.325 16.325
1382235197 39 58.100 19.100
1382235798 39 58.100 19.100
1382236399 39 57.987 18.987
1382237000 39 57.875 18.875
1382237601 39 57.762 18.762
1382238202 39 57.650 18.650
1382238805 38 57.537 19.537
1382239406 38 57.537 19.537
1382240008 38 57.312 19.312
1382240609 38 57.312 19.312
1382241210 38 57.200 19.200
1382241811 38 57.087 19.087
1382242412 38 56.975 18.975
1382243013 38 56.975 18.975
1382243614 38 56.862 18.862
1382244215 38 56.750 18.750
1382244817 38 56.637 18.637
1382245419 38 56.637 18.637
1382246020 38 56.525 18.525
1382246621 38 56.412 18.412
1382247222 38 56.300 18.300
1382247823 38 56.300 18.300
1382248425 38 56.187 18.187
1382249026 38 56.187 18.187
1382249627 37 56.075 19.075
1382250229 37 55.962 18.962
1382250829 37 55.962 18.962
1382251430 37 55.850 18.850
1382252031 37 55.737 18.737
1382252632 37 55.737 18.737
1382253233 37 55.625 18.625
1382253834 37 55.625 18.625
1382254435 37 55.512 18.512
1382255036 37 55.400 18.400
1382255638 37 55.287 18.287
1382256239 37 55.287 18.287
1382256839 36 55.175 19.175
1382257440 36 55.175 19.175
1382258041 36 55.175 19.175
1382258642 36 55.062 19.062
1382259244 36 54.950 18.950
1382259846 36 54.950 18.950
1382260447 37 54.837 17.837
1382261048 37 54.837 17.837
1382261649 37 54.837 17.837
1382262250 37 54.725 17.725
1382262851 37 54.612 17.612
1382263453 37 54.612 17.612
1382264054 36 54.612 18.612
1382264655 36 54.612 18.612
1382265256 36 54.387 18.387
1382265857 36 54.387 18.387
1382266458 36 54.387 18.387
1382267059 36 54.275 18.275
1382267660 36 54.162 18.162
1382268261 36 54.275 18.275
1382268862 36 54.162 18.162
1382269463 36 54.162 18.162
1382270065 36 54.050 18.050
1382270666 36 54.050 18.050
1382271267 36 53.937 17.937
1382271868 36 53.937 17.937
1382272469 36 53.937 17.937
1382273070 36 53.825 17.825
1382273671 36 53.712 17.712
1382274272 36 53.712 17.712
1382274873 38 53.712 15.712
1382275476 38 53.712 15.712
1382276078 38 53.712 15.712
1382276679 38 53.600 15.600
1382277280 38 53.600 15.600
1382277881 38 53.600 15.600
1382278482 38 53.600 15.600
1382279083 38 53.600 15.600
1382279684 38 53.487 15.487
1382280285 38 53.487 15.487
1382280887 38 53.487 15.487
1382281488 38 53.487 15.487
1382282089 38 53.487 15.487
1382282691 38 53.487 15.487
1382283292 38 53.600 15.600
1382283893 38 53.487 15.487
1382284494 38 53.487 15.487
1382285095 38 53.600 15.600
1382285697 38 53.600 15.600
1382286298 38 53.712 15.712
1382286899 38 53.712 15.712
1382287501 38 53.825 15.825
1382288101 38 53.937 15.937
1382288703 38 54.050 16.050
1382289303 38 54.162 16.162
1382289906 38 54.275 16.275
1382290507 38 54.275 16.275
1382291108 38 54.387 16.387
1382291709 38 54.500 16.500
1382292311 38 54.612 16.612
1382292911 38 54.612 16.612
1382293513 38 54.837 16.837
1382294114 38 54.950 16.950
1382294715 38 54.950 16.950
1382295316 38 55.062 17.062
1382295917 38 55.175 17.175
1382296519 38 55.175 17.175
1382297120 38 55.287 17.287
1382297721 38 55.400 17.400
1382298322 38 55.512 17.512
1382298923 38 55.512 17.512
1382299524 38 55.625 17.625
1382300125 38 55.625 17.625
1382300726 38 55.737 17.737
1382301327 38 55.737 17.737
1382301929 38 55.737 17.737
1382302530 38 55.850 17.850
1382303131 38 55.850 17.850
1382303732 38 55.850 17.850
1382304333 38 55.962 17.962
1382304934 38 55.962 17.962
1382305536 38 55.962 17.962
1382306137 38 56.075 18.075
1382306738 38 56.075 18.075
1382307339 58 56.187 -1.813
1382307940 58 56.187 -1.813
1382308542 58 56.300 -1.700
1382309142 58 56.187 -1.813
1382309744 58 56.300 -1.700
1382310345 58 56.300 -1.700
1382310946 56 56.300 .300
1382311547 56 56.300 .300
1382312148 56 56.300 .300
1382312749 56 56.300 .300
1382313350 56 56.412 .412
1382313951 56 56.300 .300
1382314552 51 56.300 5.300
1382315154 51 56.300 5.300
1382315755 51 56.300 5.300
1382316356 51 56.300 5.300
1382316957 51 56.300 5.300
1382317558 51 56.187 5.187
1382318159 52 56.300 4.300
1382318760 52 56.300 4.300
1382319361 52 56.300 4.300
1382319962 52 56.187 4.187
1382320564 52 56.187 4.187
1382321165 52 56.187 4.187
1382321766 52 56.187 4.187
1382322367 52 56.187 4.187
1382322968 52 56.075 4.075
1382323569 52 56.075 4.075
1382324170 52 56.075 4.075
1382324771 51 55.962 4.962
1382325373 51 55.962 4.962
1382325973 51 55.962 4.962
1382326574 51 55.850 4.850
1382327176 51 55.850 4.850
1382327777 51 55.737 4.737
1382328378 51 55.737 4.737
1382328979 47 55.737 8.737
1382329580 47 55.625 8.625
1382330181 47 55.625 8.625
1382330782 47 55.512 8.512
1382331383 47 55.512 8.512
1382331985 47 55.400 8.400
1382332585 46 55.400 9.400
1382333186 46 55.287 9.287
1382333787 46 55.287 9.287
1382334389 46 55.287 9.287
1382334990 45 55.175 10.175
1382335591 43 55.175 12.175
1382336193 43 55.062 12.062
1382336794 43 54.950 11.950
1382337396 43 54.950 11.950
1382337997 43 54.950 11.950
1382338598 43 54.837 11.837
1382339199 43 54.837 11.837
1382339800 42 54.837 12.837
1382340401 42 54.725 12.725
1382341002 42 54.725 12.725
1382341603 42 54.612 12.612
1382342204 42 54.612 12.612
1382342805 40 54.500 14.500
1382343406 40 54.500 14.500
1382344007 40 54.500 14.500
1382344609 40 54.387 14.387
1382345210 40 54.275 14.275
1382345811 40 54.275 14.275
1382346412 40 54.162 14.162
1382347013 40 54.162 14.162
1382347614 40 54.162 14.162
1382348215 40 54.162 14.162
1382348816 40 54.050 14.050
1382349417 36 53.937 17.937
1382350018 33 53.937 20.937
1382350619 33 53.937 20.937
1382351220 33 53.825 20.825
1382351821 33 53.712 20.712
1382352422 33 53.712 20.712
1382353024 33 53.712 20.712
1382353625 33 53.712 20.712
1382354226 36 53.600 17.600
1382354828 36 53.600 17.600
1382355429 36 53.487 17.487
1382356030 36 53.487 17.487
1382356631 36 53.375 17.375
1382357232 36 53.262 17.262
1382357833 32 53.262 21.262
1382358434 32 53.262 21.262
1382359035 32 53.262 21.262
1382359636 32 53.150 21.150
1382360237 32 53.150 21.150
1382360838 33 53.150 20.150
1382361440 33 53.037 20.037
1382362041 33 53.037 20.037
1382362642 33 53.037 20.037
1382363243 33 53.037 20.037
1382363844 33 53.037 20.037
1382364445 33 53.037 20.037
1382365047 36 53.150 17.150
1382365648 36 53.262 17.262
1382366249 36 53.487 17.487
1382366850 36 53.937 17.937
1382367452 36 54.050 18.050
1382368052 38 54.050 16.050
1382368654 38 54.050 16.050
1382369256 38 54.275 16.275
1382369857 38 54.837 16.837
1382370458 38 55.400 17.400
1382371060 38 55.850 17.850
1382371661 38 56.187 18.187
1382372262 40 56.412 16.412
1382372863 40 56.637 16.637
1382373465 40 56.750 16.750
1382374065 40 56.975 16.975
1382374667 40 56.975 16.975
1382375268 42 57.087 15.087
1382375869 42 57.087 15.087
1382376470 42 57.200 15.200
1382377071 42 57.312 15.312
1382377672 42 57.425 15.425
1382378275 42 57.425 15.425
1382378876 42 57.537 15.537
1382379478 43 57.537 14.537
1382380078 43 57.650 14.650
1382380679 43 57.650 14.650
1382381282 43 57.762 14.762
1382381886 43 57.875 14.875
1382382486 45 57.762 12.762
1382383087 45 57.875 12.875
1382383690 45 57.875 12.875
1382384291 45 57.987 12.987
1382384892 45 57.987 12.987
1382385493 45 57.987 12.987
1382386094 45 57.987 12.987
1382386696 45 58.100 13.100
1382387297 45 58.100 13.100
1382387898 45 57.987 12.987
1382388499 45 58.100 13.100
1382389100 45 58.100 13.100
1382389707 44 58.100 14.100
1382390308 44 58.100 14.100
1382390909 44 58.100 14.100
1382391510 44 57.987 13.987
1382392113 44 57.987 13.987
1382392714 44 57.987 13.987
1382393315 44 57.987 13.987
1382393916 45 57.875 12.875
1382394517 45 57.875 12.875
1382395118 45 57.875 12.875
1382395720 45 57.762 12.762
1382396321 45 57.762 12.762
1382396922 43 57.650 14.650
1382397524 43 57.537 14.537
1382398125 43 57.537 14.537
1382398728 43 57.425 14.425
1382399329 43 57.425 14.425
1382399930 43 57.312 14.312
1382400531 43 57.200 14.200
1382401132 42 57.087 15.087
1382401733 42 56.975 14.975
1382402334 42 56.862 14.862
1382402935 42 56.750 14.750
1382403536 42 56.637 14.637
1382404138 37 56.525 19.525
1382404739 37 56.412 19.412
1382405341 37 56.300 19.300
1382405941 37 56.300 19.300
1382406543 37 56.187 19.187
1382407144 37 56.075 19.075
1382407745 37 55.962 18.962
1382408346 36 40.887 4.887
1382408947 36 40.212 4.212
1382409548 36 40.662 4.662
1382410149 36 40.887 4.887
1382410750 36 41.000 5.000
1382411352 30 40.887 10.887
1382411953 30 40.775 10.775
1382412554 30 40.662 10.662
1382413155 30 40.550 10.550
1382413757 30 39.200 9.200
1382414357 30 39.762 9.762
1382414960 30 40.437 10.437
1382415561 30 39.987 9.987
1382416163 30 40.437 10.437
1382416764 30 40.325 10.325
1382417365 30 40.212 10.212
1382417966 30 39.987 9.987
1382418567 32 39.650 7.650
1382419168 32 39.650 7.650
1382419769 32 39.425 7.425
1382420370 32 39.425 7.425
1382420972 32 39.537 7.537
1382421572 32 39.312 7.312
1382422174 32 39.200 7.200
1382422774 27 39.312 12.312
1382423376 27 40.325 13.325
1382423977 27 42.912 15.912
1382424578 27 41.562 14.562
1382425179 27 42.462 15.462
1382425780 27 43.137 16.137
1382426381 27 43.475 16.475
1382426982 27 43.700 16.700
1382427584 27 43.700 16.700
1382428185 27 43.475 16.475
1382428786 27 43.587 16.587
1382429388 27 43.587 16.587
1382429989 27 43.812 16.812
1382430590 27 43.812 16.812
1382431191 27 43.925 16.925
1382431792 27 44.037 17.037
1382432393 27 43.925 16.925
1382432994 29 44.375 15.375
1382433597 29 44.487 15.487
1382434198 29 45.162 16.162
1382434799 29 45.275 16.275
1382435400 29 45.500 16.500
1382436001 29 45.500 16.500
1382436602 29 45.500 16.500
1382437203 32 45.837 13.837
1382437807 32 45.837 13.837
1382438407 32 45.837 13.837
1382439008 32 46.062 14.062
1382439610 32 46.062 14.062
1382440210 34 46.062 12.062
1382440811 34 46.062 12.062
1382441413 34 46.175 12.175
1382442014 34 46.175 12.175
1382442615 34 46.062 12.062
1382443216 34 46.175 12.175
1382443818 34 46.062 12.062
1382444418 34 46.175 12.175
1382445019 34 46.175 12.175
1382445621 34 46.062 12.062
1382446222 34 46.062 12.062
