1367327876 69 74.412 5.412
1367328477 69 75.087 6.087
1367329078 69 75.650 6.650
1367329680 69 76.662 7.662
1367330281 69 78.350 9.350
1367330882 69 80.937 11.937
1367331483 69 83.975 14.975
1367332084 72 86.450 14.450
1367332685 72 88.362 16.362
1367333286 72 90.837 18.837
1367333887 72 92.300 20.300
1367334488 72 93.650 21.650
1367335089 72 95.450 23.450
1367335690 72 96.575 24.575
1367336291 78 98.375 20.375
1367336892 78 100.512 22.512
1367337493 78 101.412 23.412
1367338094 78 102.762 24.762
1367338695 78 104.337 26.337
1367339296 82 106.362 24.362
1367339897 82 106.700 24.700
1367340498 82 108.162 26.162
1367341099 82 111.087 29.087
1367341700 84 115.362 31.362
1367342301 82 119.975 37.975
1367342902 84 122.787 38.787
1367343503 84 125.600 41.600
1367344104 84 126.387 42.387
1367344705 84 126.612 42.612
1367345307 84 126.950 42.950
1367345909 86 125.037 39.037
1367346510 86 122.112 36.112
1367347111 86 121.212 35.212
1367347712 86 119.525 33.525
1367348313 86 117.950 31.950
1367348914 86 115.925 29.925
1367349515 87 115.137 28.137
1367350116 87 114.687 27.687
1367350717 87 114.125 27.125
1367351318 87 114.125 27.125
1367351919 87 113.225 26.225
1367352520 87 111.650 24.650
1367353121 87 113.000 26.000
1367353722 87 114.237 27.237
1367354323 87 113.225 26.225
1367354924 87 112.662 25.662
1367355525 88 110.187 22.187
1367356126 88 108.837 20.837
1367356727 88 107.375 19.375
1367357328 87 105.125 18.125
1367357929 87 103.775 16.775
1367358530 87 101.525 14.525
1367359131 87 99.837 12.837
1367359732 87 98.487 11.487
1367360333 87 97.250 10.250
1367360934 86 95.900 9.900
1367361536 86 94.662 8.662
1367362137 86 93.537 7.537
1367362738 86 91.962 5.962
1367363339 86 91.400 5.400
1367363940 86 91.062 5.062
1367364541 86 90.837 4.837
1367365142 84 90.050 6.050
1367365743 84 89.150 5.150
1367366344 84 88.812 4.812
1367366945 81 87.912 6.912
1367367546 84 87.012 3.012
1367368147 81 86.000 5.000
1367368748 81 85.550 4.550
1367369349 81 84.762 3.762
1367369950 81 83.637 2.637
1367370551 81 82.737 1.737
1367371153 81 82.287 1.287
1367371754 81 81.725 .725
1367372355 77 81.725 4.725
1367372956 77 81.500 4.500
1367373557 77 81.162 4.162
1367374158 77 80.937 3.937
1367374759 77 80.600 3.600
1367375360 77 80.375 3.375
1367375961 73 79.925 6.925
1367376562 73 79.587 6.587
1367377163 73 79.362 6.362
1367377764 73 78.912 5.912
1367378365 73 78.912 5.912
1367378966 70 78.575 8.575
1367379567 70 78.237 8.237
1367380168 70 77.675 7.675
1367380769 70 76.887 6.887
1367381370 70 76.437 6.437
1367381972 70 76.100 6.100
1367382573 70 75.762 5.762
1367383174 65 75.650 10.650
1367383775 65 75.200 10.200
1367384376 65 74.750 9.750
1367384977 65 74.412 9.412
1367385578 63 73.850 10.850
1367386179 63 73.512 10.512
1367386780 63 72.950 9.950
1367387381 63 72.387 9.387
1367387982 63 72.050 9.050
1367388583 61 71.712 10.712
1367389184 61 71.262 10.262
1367389785 63 71.037 8.037
1367390386 63 70.812 7.812
1367390988 63 70.362 7.362
1367391589 61 70.137 9.137
1367392190 61 70.025 9.025
1367392791 61 69.800 8.800
1367393392 61 69.462 8.462
1367393993 58 69.125 11.125
1367394594 58 68.675 10.675
1367395195 58 68.450 10.450
1367395796 58 68.225 10.225
1367396397 58 68.112 10.112
1367396998 58 68.000 10.000
1367397599 57 67.550 10.550
1367398201 57 67.437 10.437
1367398802 57 66.987 9.987
1367399403 57 66.762 9.762
1367400004 57 66.537 9.537
1367400605 57 66.537 9.537
1367401206 53 66.537 13.537
1367401807 53 66.537 13.537
1367402408 53 66.200 13.200
1367403009 53 66.087 13.087
1367403610 53 65.862 12.862
1367404211 53 65.525 12.525
1367404812 53 65.637 12.637
1367405413 53 65.412 12.412
1367406014 53 65.075 12.075
1367406615 53 65.075 12.075
1367407216 53 65.075 12.075
1367407817 53 64.962 11.962
1367408418 53 64.850 11.850
1367409019 53 65.412 12.412
1367409620 53 65.300 12.300
1367410221 54 65.862 11.862
1367410822 53 66.200 13.200
1367411423 53 66.762 13.762
1367412024 54 67.437 13.437
1367412625 54 67.662 13.662
1367413226 54 68.900 14.900
1367413827 54 70.700 16.700
1367414428 54 72.275 18.275
1367415029 54 74.075 20.075
1367415630 56 76.662 20.662
1367416231 54 78.012 24.012
1367416832 56 80.150 24.150
1367417434 56 81.612 25.612
1367418035 56 84.537 28.537
1367418636 56 84.875 28.875
1367419237 56 85.662 29.662
1367419838 61 90.612 29.612
1367420439 61 92.975 31.975
1367421040 61 96.012 35.012
1367421641 61 97.812 36.812
1367422242 63 100.287 37.287
1367422843 63 102.650 39.650
1367423444 61 105.125 44.125
1367424045 63 107.150 44.150
1367424646 63 108.950 45.950
1367425247 67 110.300 43.300
1367425849 67 111.537 44.537
1367426450 67 113.112 46.112
1367427051 67 116.037 49.037
1367427652 67 119.637 52.637
1367428253 67 124.362 57.362
1367428854 70 129.425 59.425
1367429455 70 132.575 62.575
1367430056 70 134.937 64.937
1367430657 70 135.500 65.500
1367431258 70 136.287 66.287
1367431859 73 136.625 63.625
1367432460 70 136.062 66.062
1367433061 70 134.262 64.262
1367433662 70 131.787 61.787
1367434263 73 130.325 57.325
1367434864 73 128.412 55.412
1367435465 74 126.500 52.500
1367436066 74 124.025 50.025
1367436667 73 123.350 50.350
1367437268 74 121.662 47.662
1367437869 73 119.525 46.525
1367438470 74 118.175 44.175
1367439071 74 117.612 43.612
1367439672 74 117.612 43.612
1367440273 75 118.175 43.175
1367440874 75 117.725 42.725
1367441476 75 116.262 41.262
1367442077 75 115.250 40.250
1367442678 75 113.787 38.787
1367443279 75 112.325 37.325
1367443880 75 111.312 36.312
1367444481 75 109.287 34.287
1367445082 75 105.575 30.575
1367445683 75 102.875 27.875
1367446284 74 99.837 25.837
1367446885 74 97.587 23.587
1367447486 74 95.112 21.112
1367448087 74 92.300 18.300
1367448688 74 89.825 15.825
1367449289 74 87.687 13.687
1367449890 66 85.775 19.775
1367450491 74 83.750 9.750
1367451092 74 81.275 7.275
1367451693 66 78.350 12.350
1367452294 66 84.200 18.200
1367452895 66 83.975 17.975
1367453496 58 82.962 24.962
1367454097 58 81.725 23.725
1367454698 58 80.712 22.712
1367455299 58 79.475 21.475
1367455900 58 78.237 20.237
1367456501 58 77.337 19.337
1367457102 58 75.987 17.987
1367457704 58 75.087 17.087
1367458305 58 74.187 16.187
1367458906 50 73.625 23.625
1367459507 50 73.062 23.062
1367460108 50 72.725 22.725
1367460709 50 72.275 22.275
1367461310 50 71.712 21.712
1367461911 48 71.262 23.262
1367462512 48 70.700 22.700
1367463113 48 70.362 22.362
1367463714 48 70.250 22.250
1367464315 48 69.800 21.800
1367464916 48 69.237 21.237
1367465518 48 69.012 21.012
1367466119 46 68.787 22.787
1367466720 46 68.675 22.675
1367467321 46 68.337 22.337
1367467922 46 68.112 22.112
1367468528 46 67.775 21.775
1367469129 46 67.437 21.437
1367469730 46 67.212 21.212
1367470331 46 67.212 21.212
1367470932 46 66.762 20.762
1367471533 46 66.650 20.650
1367472134 46 66.200 20.200
1367472735 46 66.200 20.200
1367473337 45 66.087 21.087
1367473938 45 65.750 20.750
1367474539 45 65.637 20.637
1367475140 45 65.300 20.300
1367475741 45 65.075 20.075
1367476342 45 64.962 19.962
1367476943 44 64.512 20.512
1367477544 44 64.287 20.287
1367478145 44 64.175 20.175
1367478746 43 63.837 20.837
1367479347 43 63.837 20.837
1367479948 43 63.612 20.612
1367480549 43 63.500 20.500
1367481150 43 63.162 20.162
1367481751 43 63.050 20.050
1367482352 43 63.050 20.050
1367482953 42 62.825 20.825
1367483554 43 62.825 19.825
1367484155 42 62.825 20.825
1367484756 42 62.600 20.600
1367485357 42 62.600 20.600
1367485958 43 62.600 19.600
1367486559 43 62.487 19.487
1367487160 43 62.375 19.375
1367487761 43 62.150 19.150
1367488362 43 62.037 19.037
1367488963 43 61.475 18.475
1367489564 43 61.362 18.362
1367490166 43 61.137 18.137
1367490767 43 60.687 17.687
1367491368 41 60.350 19.350
1367491969 43 59.900 16.900
1367492570 41 59.675 18.675
1367493171 39 59.337 20.337
1367493772 39 59.225 20.225
1367494373 40 59.000 19.000
1367494974 40 58.775 18.775
1367495575 40 58.775 18.775
1367496176 40 58.662 18.662
1367496777 40 58.437 18.437
1367497378 40 58.437 18.437
1367497979 39 58.550 19.550
1367498580 39 58.887 19.887
1367499181 39 58.887 19.887
1367499783 39 58.662 19.662
1367500384 39 58.437 19.437
1367500985 39 58.325 19.325
1367501586 39 57.987 18.987
1367502187 39 57.987 18.987
1367502788 39 57.987 18.987
1367503389 39 58.212 19.212
1367503990 39 58.437 19.437
1367504591 39 58.662 19.662
1367505192 38 58.662 20.662
1367505793 38 58.662 20.662
1367506394 38 59.225 21.225
1367506995 38 59.337 21.337
1367507596 39 59.562 20.562
1367508197 38 60.012 22.012
1367508798 38 60.462 22.462
1367509399 39 60.687 21.687
1367510000 39 60.912 21.912
1367510602 39 61.025 22.025
1367511203 41 61.025 20.025
1367511804 41 61.025 20.025
1367512405 39 60.800 21.800
1367513006 41 60.800 19.800
1367513607 41 60.462 19.462
1367514208 41 60.237 19.237
1367514809 41 60.012 19.012
1367515410 39 59.900 20.900
1367516011 39 60.012 21.012
1367516612 39 60.237 21.237
1367517213 39 60.350 21.350
1367517814 39 60.462 21.462
1367518415 39 60.462 21.462
1367519016 39 60.575 21.575
1367519617 40 60.912 20.912
1367520218 40 60.350 20.350
1367520819 40 59.675 19.675
1367521420 40 59.112 19.112
1367522021 40 58.550 18.550
1367522622 40 58.212 18.212
1367523223 38 58.100 20.100
1367523824 38 57.875 19.875
1367524425 38 57.650 19.650
1367525026 38 57.312 19.312
1367525627 38 56.862 18.862
1367526229 38 56.862 18.862
1367526830 38 56.637 18.637
1367527431 38 56.637 18.637
1367528032 38 57.312 19.312
1367528633 38 57.312 19.312
1367529234 38 56.750 18.750
1367529835 37 56.412 19.412
1367530436 37 56.412 19.412
1367531037 37 56.075 19.075
1367531638 37 55.850 18.850
1367532239 37 55.737 18.737
1367532840 37 55.512 18.512
1367533441 37 55.175 18.175
1367534042 37 54.837 17.837
1367534643 37 54.612 17.612
1367535245 37 54.387 17.387
1367535846 37 54.050 17.050
1367536447 37 53.937 16.937
1367537048 37 53.712 16.712
1367537649 37 53.375 16.375
1367538250 37 53.150 16.150
1367538851 36 53.150 17.150
1367539452 37 52.925 15.925
1367540053 36 52.812 16.812
1367540654 36 52.475 16.475
1367541255 36 52.362 16.362
1367541856 36 52.137 16.137
1367542457 36 51.800 15.800
1367543058 36 51.800 15.800
1367543659 36 51.462 15.462
1367544261 36 51.350 15.350
1367544862 36 51.125 15.125
1367545464 35 51.125 16.125
1367546065 35 50.900 15.900
1367546666 35 50.787 15.787
1367547267 35 50.675 15.675
1367547869 35 50.562 15.562
1367548470 35 50.562 15.562
1367549072 36 50.337 14.337
1367549673 36 50.225 14.225
1367550274 36 50.225 14.225
1367550875 36 50.112 14.112
1367551476 36 50.000 14.000
1367552077 36 49.775 13.775
1367552678 35 49.887 14.887
1367553279 35 49.775 14.775
1367553880 35 49.662 14.662
1367554481 35 49.662 14.662
1367555082 35 49.550 14.550
1367555683 35 49.437 14.437
1367556284 35 49.437 14.437
1367556885 35 49.325 14.325
1367557486 35 49.212 14.212
1367558087 35 49.212 14.212
1367558688 35 49.100 14.100
1367559289 35 48.875 13.875
1367559890 34 48.987 14.987
1367560491 34 48.875 14.875
1367561093 34 48.987 14.987
1367561694 34 48.762 14.762
1367562295 34 48.650 14.650
1367562896 34 48.650 14.650
1367563497 34 48.425 14.425
1367564098 34 48.425 14.425
1367564699 34 48.312 14.312
1367565300 34 48.200 14.200
1367565901 34 48.200 14.200
1367566502 34 48.087 14.087
1367567103 34 47.975 13.975
1367567704 34 47.862 13.862
1367568305 34 47.750 13.750
1367568906 34 47.637 13.637
1367569507 34 47.637 13.637
1367570108 33 47.525 14.525
1367570709 33 47.412 14.412
1367571311 33 47.412 14.412
1367571912 33 47.300 14.300
1367572513 33 47.300 14.300
1367573114 33 47.187 14.187
1367573715 33 47.300 14.300
1367574316 33 47.187 14.187
1367574917 33 46.962 13.962
1367575518 33 46.962 13.962
1367576119 33 46.850 13.850
1367576720 33 46.850 13.850
1367577321 34 46.737 12.737
1367577922 34 46.850 12.850
1367578523 34 46.737 12.737
1367579124 34 46.737 12.737
1367579725 34 46.625 12.625
1367580326 34 46.737 12.737
1367580927 34 46.737 12.737
1367581528 34 46.737 12.737
1367582129 34 46.625 12.625
1367582730 34 46.737 12.737
1367583331 34 46.737 12.737
1367583932 34 46.737 12.737
1367584533 34 46.737 12.737
1367585134 34 46.625 12.625
1367585735 34 46.625 12.625
1367586336 34 46.737 12.737
1367586937 34 46.850 12.850
1367587538 34 46.962 12.962
1367588139 34 46.962 12.962
1367588740 34 46.962 12.962
1367589341 34 47.187 13.187
1367589942 34 47.412 13.412
1367590544 34 47.525 13.525
1367591145 34 47.525 13.525
1367591746 34 47.412 13.412
1367592347 34 47.412 13.412
1367592948 34 47.300 13.300
1367593549 34 47.412 13.412
1367594150 34 47.412 13.412
1367594751 34 47.750 13.750
1367595352 34 47.862 13.862
1367595953 34 47.862 13.862
1367596554 34 47.975 13.975
1367597155 34 47.750 13.750
1367597756 34 47.750 13.750
1367598357 34 47.637 13.637
1367598958 36 47.750 11.750
1367599559 36 47.975 11.975
1367600160 36 48.425 12.425
1367600761 36 49.100 13.100
1367601362 36 49.437 13.437
1367601963 36 49.887 13.887
1367602564 36 50.225 14.225
1367603165 36 50.450 14.450
1367603766 36 50.337 14.337
1367604367 36 50.112 14.112
1367604968 36 49.887 13.887
1367605569 36 50.000 14.000
1367606171 36 50.225 14.225
1367606772 37 50.675 13.675
1367607373 37 51.125 14.125
1367607974 37 51.237 14.237
1367608575 37 51.237 14.237
1367609176 38 50.900 12.900
1367609777 38 50.450 12.450
1367610378 38 50.450 12.450
1367610979 37 50.225 13.225
1367611580 37 50.562 13.562
1367612181 37 51.237 14.237
1367612783 37 51.687 14.687
1367613384 37 51.912 14.912
1367613985 37 51.800 14.800
1367614586 37 51.800 14.800
1367615187 37 51.687 14.687
1367615788 37 51.462 14.462
1367616389 37 51.462 14.462
1367616990 37 51.125 14.125
1367617591 38 50.900 12.900
1367618192 38 50.675 12.675
1367618793 38 50.562 12.562
1367619394 38 50.225 12.225
1367619995 38 49.887 11.887
1367620596 39 49.775 10.775
1367621197 39 49.437 10.437
1367621798 39 49.437 10.437
1367622399 39 49.325 10.325
1367623000 39 48.987 9.987
1367623601 39 48.762 9.762
1367624202 39 48.537 9.537
1367624803 40 48.425 8.425
1367625405 40 48.312 8.312
1367626006 40 48.087 8.087
1367626607 40 47.975 7.975
1367627208 40 47.862 7.862
1367627809 39 47.637 8.637
1367628410 39 47.525 8.525
1367629011 39 47.525 8.525
1367629612 39 47.412 8.412
1367630213 39 47.300 8.300
1367630814 39 47.187 8.187
1367631415 40 47.187 7.187
1367632016 40 47.075 7.075
1367632617 40 47.075 7.075
1367633218 40 46.962 6.962
1367633819 40 46.962 6.962
1367634420 40 46.962 6.962
1367635021 40 46.962 6.962
1367635622 40 46.962 6.962
1367636223 40 46.850 6.850
1367636824 40 46.850 6.850
1367637425 40 46.850 6.850
1367638026 40 46.850 6.850
1367638628 40 46.737 6.737
1367639229 40 46.737 6.737
1367639830 40 46.737 6.737
1367640431 40 46.737 6.737
1367641032 40 46.625 6.625
1367641633 40 46.737 6.737
1367642234 40 46.737 6.737
1367642835 40 46.625 6.625
1367643436 41 46.737 5.737
1367644037 41 46.737 5.737
1367644638 41 46.737 5.737
1367645239 41 46.737 5.737
1367645840 41 46.737 5.737
1367646441 41 46.737 5.737
1367647042 41 46.737 5.737
1367647643 41 46.850 5.850
1367648244 43 46.850 3.850
1367648845 43 46.962 3.962
1367649446 43 47.075 4.075
1367650047 43 47.187 4.187
1367650648 42 47.300 5.300
1367651249 42 47.300 5.300
1367651850 42 47.412 5.412
1367652451 42 47.525 5.525
1367653052 45 47.637 2.637
1367653653 45 47.637 2.637
1367654254 45 47.750 2.750
1367654855 45 47.975 2.975
1367655456 45 48.087 3.087
1367656057 45 48.312 3.312
1367656658 48 48.425 .425
1367657259 48 48.537 .537
1367657861 48 48.650 .650
1367658462 48 48.650 .650
1367659063 48 48.762 .762
1367659664 48 48.875 .875
1367660265 50 48.987 -1.013
1367660866 50 49.100 -.900
1367661467 50 49.212 -.788
1367662068 50 49.325 -.675
1367662669 50 49.437 -.563
1367663270 50 49.437 -.563
1367663871 50 49.550 -.450
1367664472 50 49.662 -.338
1367665073 50 49.662 -.338
1367665674 50 49.775 -.225
1367666275 50 49.887 -.113
1367666876 50 49.887 -.113
1367667477 50 50.112 .112
1367668078 51 50.225 -.775
1367668679 51 50.450 -.550
1367669280 51 50.675 -.325
1367669881 51 51.012 .012
1367670482 51 51.125 .125
1367671083 52 51.462 -.538
1367671684 52 51.912 -.088
1367672285 52 52.362 .362
1367672886 52 53.712 1.712
1367673487 52 55.175 3.175
1367674089 52 55.625 3.625
1367674690 52 55.962 3.962
1367675291 52 56.300 4.300
1367675892 52 56.750 4.750
1367676493 52 59.450 7.450
1367677094 52 61.250 9.250
1367677695 54 63.162 9.162
1367678296 54 65.187 11.187
1367678897 54 66.425 12.425
1367679498 54 66.762 12.762
1367680099 54 66.200 12.200
1367680700 55 64.962 9.962
1367681301 55 63.837 8.837
1367681902 55 62.937 7.937
1367682503 55 61.925 6.925
1367683104 57 61.475 4.475
1367683705 57 62.150 5.150
1367684306 57 62.375 5.375
1367684907 57 62.375 5.375
1367685508 57 62.712 5.712
1367686109 57 63.275 6.275
1367686710 57 64.625 7.625
1367687311 57 67.775 10.775
1367687912 57 70.362 13.362
1367688514 57 71.712 14.712
1367689115 57 73.287 16.287
1367689716 60 74.187 14.187
1367690317 60 77.225 17.225
1367690918 60 77.225 17.225
1367691519 60 78.350 18.350
1367692120 60 79.025 19.025
1367692721 60 78.800 18.800
1367693322 64 78.012 14.012
1367693923 64 76.775 12.775
1367694524 64 74.975 10.975
1367695125 64 72.837 8.837
1367695726 64 71.825 7.825
1367696327 64 72.500 8.500
1367696928 64 72.387 8.387
1367697529 64 72.162 8.162
1367698130 64 71.375 7.375
1367698731 64 71.825 7.825
1367699332 64 71.375 7.375
1367699933 64 73.175 9.175
1367700534 64 72.950 8.950
1367701135 64 72.612 8.612
1367701736 64 73.737 9.737
1367702337 64 72.837 8.837
1367702938 64 74.637 10.637
1367703539 58 74.862 16.862
1367704145 58 73.287 15.287
1367704746 58 71.600 13.600
1367705347 58 70.587 12.587
1367705948 58 70.362 12.362
1367706549 58 70.362 12.362
1367707150 60 69.462 9.462
1367707751 60 68.225 8.225
1367708352 60 66.762 6.762
1367708953 60 65.525 5.525
1367709554 60 64.737 4.737
1367710155 60 64.175 4.175
1367710756 57 63.725 6.725
1367711357 57 63.275 6.275
1367711958 57 63.162 6.162
1367712560 57 62.825 5.825
1367713161 57 62.600 5.600
1367713762 57 62.262 5.262
1367714363 57 61.925 4.925
1367714964 57 61.700 4.700
1367715565 57 61.475 4.475
1367716166 57 61.250 4.250
1367716767 57 61.025 4.025
1367717373 57 60.912 3.912
1367717974 57 60.687 3.687
1367718575 57 60.575 3.575
1367719176 57 60.462 3.462
1367719777 57 60.350 3.350
1367720379 57 60.237 3.237
1367720980 57 60.125 3.125
1367721581 57 60.012 3.012
1367722182 56 60.012 4.012
1367722783 56 59.900 3.900
1367723384 56 59.787 3.787
1367723985 56 59.675 3.675
1367724586 55 59.562 4.562
1367725187 55 59.562 4.562
1367725788 55 59.450 4.450
1367726389 55 59.450 4.450
1367726991 55 59.225 4.225
1367727592 55 59.112 4.112
1367728193 55 59.000 4.000
1367728794 55 58.887 3.887
1367729395 55 58.662 3.662
1367729996 55 58.550 3.550
1367730597 55 58.325 3.325
1367731198 55 58.212 3.212
1367731799 55 58.100 3.100
1367732401 55 57.987 2.987
1367733002 55 57.875 2.875
1367733603 55 57.762 2.762
1367734204 55 57.650 2.650
1367734805 54 57.537 3.537
1367735406 54 57.312 3.312
1367736007 54 57.087 3.087
1367736608 54 57.087 3.087
1367737209 54 57.087 3.087
1367737810 54 57.200 3.200
1367738411 54 57.200 3.200
1367739012 54 57.312 3.312
1367739613 54 57.312 3.312
1367740214 54 57.425 3.425
1367740815 54 57.312 3.312
1367741416 54 57.312 3.312
1367742017 54 57.312 3.312
1367742618 51 57.312 6.312
1367743219 51 57.312 6.312
1367743821 51 57.200 6.200
1367744422 51 57.087 6.087
1367745023 51 56.975 5.975
1367745624 51 56.862 5.862
1367746225 51 56.750 5.750
1367746826 51 56.637 5.637
1367747427 51 56.525 5.525
1367748028 50 56.412 6.412
1367748629 50 56.412 6.412
1367749230 50 56.300 6.300
1367749831 50 56.300 6.300
1367750432 50 56.187 6.187
1367751033 50 56.187 6.187
1367751634 50 56.187 6.187
1367752235 50 56.187 6.187
1367752836 50 56.300 6.300
1367753437 50 56.300 6.300
1367754038 50 56.525 6.525
1367754639 50 56.637 6.637
1367755240 50 56.862 6.862
1367755841 50 57.200 7.200
1367756442 50 57.537 7.537
1367757043 50 57.875 7.875
1367757644 50 58.437 8.437
1367758245 50 59.000 9.000
1367758847 50 59.787 9.787
1367759448 52 60.687 8.687
1367760049 52 61.362 9.362
1367760650 52 62.825 10.825
1367761251 52 63.950 11.950
1367761852 52 65.300 13.300
1367762453 52 67.100 15.100
1367763054 52 71.037 19.037
1367763655 52 72.950 20.950
1367764256 55 72.387 17.387
1367764857 55 72.725 17.725
1367765458 55 73.400 18.400
1367766059 55 75.200 20.200
1367766660 55 76.887 21.887
1367767261 55 77.900 22.900
1367767862 55 79.700 24.700
1367768463 55 81.500 26.500
1367769065 55 83.187 28.187
1367769666 59 85.212 26.212
1367770267 59 86.562 27.562
1367770868 59 87.012 28.012
1367771469 59 86.787 27.787
1367772070 61 86.450 25.450
1367772671 61 86.112 25.112
1367773272 61 86.562 25.562
1367773873 61 89.037 28.037
1367774474 61 93.312 32.312
1367775075 61 96.912 35.912
1367775676 66 100.400 34.400
1367776277 66 102.312 36.312
1367776879 66 102.312 36.312
1367777480 66 101.300 35.300
1367778082 66 101.187 35.187
1367778683 66 92.975 26.975
1367779284 68 87.125 19.125
1367779885 68 88.025 20.025
1367780486 68 90.275 22.275
1367781087 68 91.175 23.175
1367781688 68 88.587 20.587
1367782289 68 89.712 21.712
1367782890 68 94.100 26.100
1367783491 68 93.650 25.650
1367784092 68 94.212 26.212
1367784693 68 95.225 27.225
1367785294 68 96.462 28.462
1367785895 68 95.000 27.000
1367786496 70 91.512 21.512
1367787097 70 91.062 21.062
1367787698 70 91.287 21.287
1367788299 70 92.300 22.300
1367788900 70 92.525 22.525
1367789501 70 92.637 22.637
1367790103 70 91.737 21.737
1367790704 70 89.037 19.037
1367791305 70 87.800 17.800
1367791906 70 85.887 15.887
1367792507 72 83.975 11.975
1367793108 70 83.187 13.187
1367793709 72 82.400 10.400
1367794310 72 81.725 9.725
1367794911 72 81.050 9.050
1367795512 72 80.150 8.150
1367796113 72 79.362 7.362
1367796714 72 78.912 6.912
1367797315 70 78.462 8.462
1367797916 70 78.012 8.012
1367798517 70 77.337 7.337
1367799118 70 76.775 6.775
1367799719 70 76.100 6.100
1367800320 70 75.425 5.425
1367800921 70 74.862 4.862
1367801522 70 74.300 4.300
1367802123 70 73.625 3.625
1367802724 70 72.950 2.950
1367803325 66 72.275 6.275
1367803926 70 71.712 1.712
1367804527 66 71.262 5.262
1367805128 66 70.812 4.812
1367805729 66 70.475 4.475
1367806330 66 70.025 4.025
1367806931 66 69.687 3.687
1367807532 66 69.237 3.237
1367808133 65 68.900 3.900
1367808734 65 68.450 3.450
1367809335 65 68.112 3.112
1367809936 65 67.662 2.662
1367810538 65 67.325 2.325
1367811139 65 66.987 1.987
1367811740 64 66.762 2.762
1367812341 64 66.537 2.537
1367812942 64 66.425 2.425
1367813543 64 66.200 2.200
1367814144 64 66.087 2.087
1367814745 64 65.750 1.750
1367815346 57 65.637 8.637
1367815947 57 65.412 8.412
1367816548 57 65.187 8.187
1367817154 57 65.075 8.075
1367817755 57 64.850 7.850
1367818356 57 64.737 7.737
1367818957 56 64.512 8.512
1367819558 56 64.287 8.287
1367820159 56 64.175 8.175
1367820760 56 63.837 7.837
1367821361 56 63.500 7.500
1367821962 56 63.275 7.275
1367822563 56 63.050 7.050
1367823164 56 62.825 6.825
1367823765 56 62.600 6.600
1367824366 56 62.487 6.487
1367824967 54 62.487 8.487
1367825568 54 62.150 8.150
1367826169 54 62.037 8.037
1367826770 54 61.812 7.812
1367827371 54 61.700 7.700
1367827972 54 61.700 7.700
1367828573 54 61.700 7.700
1367829174 54 61.700 7.700
1367829775 56 61.587 5.587
1367830376 56 61.587 5.587
1367830977 56 61.362 5.362
1367831578 56 61.250 5.250
1367832179 56 61.137 5.137
1367832780 56 61.025 5.025
1367833381 54 60.912 6.912
1367833983 54 60.687 6.687
1367834584 54 60.575 6.575
1367835185 54 60.462 6.462
1367835786 54 60.350 6.350
1367836387 54 60.125 6.125
1367836988 54 60.012 6.012
1367837589 54 59.900 5.900
1367838190 53 59.787 6.787
1367838791 53 59.900 6.900
1367839392 53 60.237 7.237
1367839993 53 60.575 7.575
1367840594 52 60.912 8.912
1367841195 52 61.362 9.362
1367841796 52 61.925 9.925
1367842397 52 62.712 10.712
1367842998 52 63.500 11.500
1367843599 52 64.175 12.175
1367844200 52 64.737 12.737
1367844801 52 65.300 13.300
1367845402 56 65.862 9.862
1367846003 56 66.762 10.762
1367846604 56 68.000 12.000
1367847205 56 69.237 13.237
1367847806 56 70.250 14.250
1367848407 58 71.712 13.712
1367849008 58 73.512 15.512
1367849609 58 75.650 17.650
1367850210 58 77.675 19.675
1367850811 58 79.700 21.700
1367851412 58 81.162 23.162
1367852013 58 82.400 24.400
1367852614 63 83.975 20.975
1367853216 63 85.325 22.325
1367853817 63 87.012 24.012
1367854418 63 88.362 25.362
1367855019 67 89.487 22.487
1367855620 67 91.175 24.175
1367856221 67 91.737 24.737
1367856822 67 91.737 24.737
1367857423 67 92.637 25.637
1367858024 67 95.562 28.562
1367858625 69 96.687 27.687
1367859226 69 96.912 27.912
1367859827 69 97.025 28.025
1367860428 69 98.150 29.150
1367861029 69 98.375 29.375
1367861630 69 98.375 29.375
1367862236 70 99.500 29.500
1367862837 70 94.775 24.775
1367863438 70 96.800 26.800
1367864039 70 98.375 28.375
1367864646 70 106.250 36.250
1367865247 70 102.875 32.875
1367865848 69 95.000 26.000
1367866449 69 98.487 29.487
1367867050 69 100.737 31.737
1367867651 69 96.687 27.687
1367868252 69 92.187 23.187
1367868853 71 89.150 18.150
1367869454 71 87.012 16.012
1367870055 71 88.025 17.025
1367870656 71 89.825 18.825
1367871257 71 93.087 22.087
1367871858 71 96.012 25.012
1367872459 71 98.600 27.600
1367873060 71 100.175 29.175
1367873661 71 100.287 29.287
1367874262 74 94.437 20.437
1367874863 74 93.762 19.762
1367875464 74 93.200 19.200
1367876065 74 92.975 18.975
1367876666 73 91.962 18.962
1367877267 73 90.500 17.500
1367877868 73 88.925 15.925
1367878469 73 87.800 14.800
1367879070 73 86.562 13.562
1367879671 73 85.550 12.550
1367880272 74 84.650 10.650
1367880873 74 83.750 9.750
1367881474 74 83.187 9.187
1367882075 74 82.400 8.400
1367882676 74 81.612 7.612
1367883277 74 80.825 6.825
1367883878 73 79.812 6.812
1367884479 73 78.912 5.912
1367885080 73 78.350 5.350
1367885681 73 77.787 4.787
1367886283 73 77.112 4.112
1367886884 73 76.325 3.325
1367887485 70 75.650 5.650
1367888086 70 75.200 5.200
1367888687 70 74.525 4.525
1367889288 70 73.850 3.850
1367889889 70 73.287 3.287
1367890490 66 72.612 6.612
1367891091 66 72.050 6.050
1367891692 66 71.712 5.712
1367892293 66 71.600 5.600
1367892894 66 71.487 5.487
1367893495 66 71.375 5.375
1367894096 66 71.037 5.037
1367894697 63 70.587 7.587
1367895298 63 70.250 7.250
1367895899 63 69.912 6.912
1367896500 63 69.575 6.575
1367897101 63 69.237 6.237
1367897702 59 68.900 9.900
1367898303 59 68.787 9.787
1367898904 59 68.787 9.787
1367899505 59 68.562 9.562
1367900107 59 68.337 9.337
1367900708 59 68.112 9.112
1367901309 59 67.775 8.775
1367901910 61 67.437 6.437
1367902511 59 67.100 8.100
1367903112 61 66.987 5.987
1367903713 61 66.762 5.762
1367904314 61 66.537 5.537
1367904915 61 66.312 5.312
1367905516 57 65.975 8.975
1367906117 57 65.637 8.637
1367906718 57 65.525 8.525
1367907319 57 65.300 8.300
1367907920 57 65.187 8.187
1367908521 57 64.850 7.850
1367909122 56 64.625 8.625
1367909723 56 64.400 8.400
1367910324 56 64.062 8.062
1367910925 56 63.950 7.950
1367911526 56 63.725 7.725
1367912127 56 63.387 7.387
1367912728 54 63.275 9.275
1367913329 54 63.162 9.162
1367913930 54 63.050 9.050
1367914531 54 62.937 8.937
1367915132 54 62.937 8.937
1367915733 53 62.825 9.825
1367916334 53 62.712 9.712
1367916935 53 62.487 9.487
1367917536 53 62.262 9.262
1367918137 53 62.150 9.150
1367918738 53 62.037 9.037
1367919339 53 61.812 8.812
1367919940 52 61.700 9.700
1367920541 52 61.700 9.700
1367921142 52 61.587 9.587
1367921743 52 61.475 9.475
1367922344 52 61.362 9.362
1367922945 50 61.137 11.137
1367923546 50 60.912 10.912
1367924147 50 60.912 10.912
1367924748 50 60.800 10.800
1367925349 50 60.912 10.912
1367925950 50 60.912 10.912
1367926551 50 61.025 11.025
1367927152 50 60.912 10.912
1367927753 50 60.912 10.912
1367928354 50 61.250 11.250
1367928955 50 61.587 11.587
1367929556 50 62.150 12.150
1367930157 52 62.712 10.712
1367930758 52 63.387 11.387
1367931359 52 64.400 12.400
1367931960 52 65.075 13.075
1367932562 52 65.862 13.862
1367933163 52 66.650 14.650
1367933764 52 67.775 15.775
1367934365 57 69.350 12.350
1367934966 57 71.262 14.262
1367935567 57 73.625 16.625
1367936168 57 75.987 18.987
1367936769 57 78.350 21.350
1367937370 57 80.487 23.487
1367937971 62 82.737 20.737
1367938572 62 84.650 22.650
1367939173 62 86.562 24.562
1367939774 62 88.362 26.362
1367940375 66 90.050 24.050
1367940976 66 91.400 25.400
1367941577 66 92.862 26.862
1367942178 66 94.437 28.437
1367942779 66 95.562 29.562
1367943380 66 96.687 30.687
1367943982 66 97.475 31.475
1367944583 73 99.162 26.162
1367945184 73 101.075 28.075
1367945785 73 103.437 30.437
1367946386 73 99.162 26.162
1367946987 73 102.537 29.537
1367947588 73 108.837 35.837
1367948189 73 114.125 41.125
1367948790 74 117.275 43.275
1367949391 74 119.975 45.975
1367949992 74 115.025 41.025
1367950593 74 107.037 33.037
1367951194 74 102.987 28.987
1367951795 74 97.137 23.137
1367952396 74 92.975 18.975
1367952997 74 91.175 17.175
1367953598 72 89.937 17.937
1367954199 72 89.487 17.487
1367954800 72 88.700 16.700
1367955401 72 93.650 21.650
1367956002 75 99.837 24.837
1367956603 75 104.225 29.225
1367957204 75 105.462 30.462
1367957806 75 103.325 28.325
1367958407 75 103.437 28.437
1367959008 75 105.012 30.012
1367959609 75 106.250 31.250
1367960210 77 103.212 26.212
1367960811 77 99.275 22.275
1367961412 77 98.487 21.487
1367962013 76 98.262 22.262
1367962614 76 97.700 21.700
1367963215 76 96.237 20.237
1367963816 76 94.212 18.212
1367964417 76 92.750 16.750
1367965018 76 91.287 15.287
1367965619 76 90.387 14.387
1367966220 76 89.375 13.375
1367966821 76 88.587 12.587
1367967422 76 87.687 11.687
1367968023 76 86.787 10.787
1367968625 76 85.887 9.887
1367969226 76 84.987 8.987
1367969827 76 84.425 8.425
1367970428 76 83.862 7.862
1367971029 76 83.075 7.075
1367971631 76 82.287 6.287
1367972232 76 81.612 5.612
1367972833 76 80.937 4.937
1367973434 76 80.262 4.262
1367974035 73 79.700 6.700
1367974636 73 78.912 5.912
1367975237 73 77.900 4.900
1367975839 73 77.000 4.000
1367976440 73 76.212 3.212
1367977041 73 75.425 2.425
1367977642 72 74.862 2.862
1367978243 72 74.187 2.187
1367978844 72 73.625 1.625
1367979445 72 73.175 1.175
1367980046 72 72.725 .725
1367980647 72 72.162 .162
1367981248 72 71.712 -.288
1367981849 68 71.262 3.262
1367982450 68 70.925 2.925
1367983051 68 71.037 3.037
1367983652 68 71.262 3.262
1367984253 62 71.262 9.262
1367984854 62 70.925 8.925
1367985455 62 70.700 8.700
1367986056 62 70.475 8.475
1367986657 62 70.362 8.362
1367987258 62 70.137 8.137
1367987859 62 69.687 7.687
1367988460 62 69.350 7.350
1367989061 62 69.125 7.125
1367989662 62 69.012 7.012
1367990263 62 69.012 7.012
1367990864 62 68.787 6.787
1367991465 62 68.337 6.337
1367992066 59 67.887 8.887
1367992667 59 67.775 8.775
1367993268 59 67.662 8.662
1367993869 59 67.550 8.550
1367994470 59 67.437 8.437
1367995071 59 67.325 8.325
1367995672 59 67.100 8.100
1367996273 59 66.762 7.762
1367996875 59 66.425 7.425
1367997476 59 66.087 7.087
1367998077 59 66.087 7.087
1367998678 57 65.750 8.750
1367999279 57 65.525 8.525
1367999880 57 65.300 8.300
1368000481 57 65.075 8.075
1368001082 57 64.962 7.962
1368001683 57 64.737 7.737
1368002285 58 64.625 6.625
1368002886 58 64.400 6.400
1368003487 58 64.287 6.287
1368004088 58 64.062 6.062
1368004689 58 64.062 6.062
1368005290 58 63.837 5.837
1368005891 56 63.725 7.725
1368006492 56 63.837 7.837
1368007093 56 63.725 7.725
1368007694 56 63.725 7.725
1368008295 56 63.500 7.500
1368008896 56 63.612 7.612
1368009497 51 63.500 12.500
1368010098 51 63.387 12.387
1368010699 51 63.387 12.387
1368011300 51 63.387 12.387
1368011901 51 63.275 12.275
1368012503 51 63.275 12.275
1368013104 53 63.500 10.500
1368013705 53 63.725 10.725
1368014306 53 63.950 10.950
1368014907 53 64.287 11.287
1368015508 53 64.737 11.737
1368016109 53 65.187 12.187
1368016710 53 65.637 12.637
1368017311 56 66.200 10.200
1368017912 56 67.100 11.100
1368018513 56 68.000 12.000
1368019114 56 69.012 13.012
1368019715 56 70.362 14.362
1368020316 61 71.600 10.600
1368020917 56 73.175 17.175
1368021518 61 75.087 14.087
1368022119 61 77.337 16.337
1368022720 61 79.812 18.812
1368023321 61 82.400 21.400
1368023922 61 84.762 23.762
1368024523 65 87.012 22.012
1368025124 65 89.037 24.037
1368025725 65 90.612 25.612
1368026326 65 92.187 27.187
1368026927 65 93.650 28.650
1368027528 71 94.887 23.887
1368028129 71 96.125 25.125
1368028731 71 97.475 26.475
1368029332 71 98.600 27.600
1368029933 71 99.950 28.950
1368030534 71 101.412 30.412
1368031135 73 102.875 29.875
1368031736 73 104.000 31.000
1368032337 73 101.862 28.862
1368032938 73 106.587 33.587
1368033539 73 110.975 37.975
1368034140 73 108.950 35.950
1368034741 76 109.400 33.400
1368035342 76 112.212 36.212
1368035943 76 107.487 31.487
1368036544 76 104.450 28.450
1368037145 76 101.862 25.862
1368037746 76 99.837 23.837
1368038347 76 97.362 21.362
1368038948 75 95.562 20.562
1368039549 75 94.775 19.775
1368040150 75 95.225 20.225
1368040751 75 94.100 19.100
1368041352 75 92.300 17.300
1368041953 75 91.287 16.287
1368042554 75 90.837 15.837
1368043155 76 89.937 13.937
1368043756 76 88.475 12.475
1368044357 76 87.575 11.575
1368044958 76 87.575 11.575
1368045559 74 87.800 13.800
1368046160 74 88.137 14.137
1368046761 74 88.812 14.812
1368047362 74 89.150 15.150
1368047963 74 88.812 14.812
1368048564 74 88.250 14.250
1368049165 76 87.462 11.462
1368049766 76 86.787 10.787
1368050367 76 85.662 9.662
1368050968 76 83.750 7.750
1368051569 76 81.612 5.612
1368052170 76 79.925 3.925
1368052771 66 78.912 12.912
1368053372 66 78.237 12.237
1368053973 66 77.562 11.562
1368054574 66 77.112 11.112
1368055175 66 76.437 10.437
1368055777 66 75.987 9.987
1368056378 66 75.650 9.650
1368056979 66 75.425 9.425
1368057580 66 74.862 8.862
1368058181 66 74.525 8.525
1368058782 66 74.075 8.075
1368059383 66 73.737 7.737
1368059984 64 73.400 9.400
1368060585 64 73.175 9.175
1368061186 64 72.950 8.950
1368061787 64 72.837 8.837
1368062388 64 72.612 8.612
1368062989 64 72.387 8.387
1368063590 64 72.275 8.275
1368064191 64 72.050 8.050
1368064792 63 71.937 8.937
1368065393 63 71.825 8.825
1368065994 63 71.712 8.712
1368066595 63 71.600 8.600
1368067196 62 71.600 9.600
1368067797 62 71.600 9.600
1368068398 62 71.487 9.487
1368068999 62 71.375 9.375
1368069600 62 71.262 9.262
1368070201 62 71.150 9.150
1368070802 62 71.037 9.037
1368071403 62 70.812 8.812
1368072004 62 70.700 8.700
1368072605 62 70.587 8.587
1368073206 62 70.587 8.587
1368073807 62 70.362 8.362
1368074408 61 70.250 9.250
1368075009 61 70.250 9.250
1368075610 61 70.137 9.137
1368076211 61 70.025 9.025
1368076812 61 69.912 8.912
1368077413 61 69.800 8.800
1368078015 62 69.687 7.687
1368078616 62 69.575 7.575
1368079217 62 69.462 7.462
1368079818 62 69.350 7.350
1368080419 62 69.125 7.125
1368081020 62 69.125 7.125
1368081621 60 69.012 9.012
1368082222 60 69.012 9.012
1368082823 60 68.900 8.900
1368083424 60 68.787 8.787
1368084025 60 68.675 8.675
1368084626 60 68.562 8.562
1368085227 60 68.450 8.450
1368085828 60 68.225 8.225
1368086429 60 68.112 8.112
1368087030 60 68.000 8.000
1368087631 60 68.000 8.000
1368088232 60 68.112 8.112
1368088833 59 68.112 9.112
1368089434 59 68.000 9.000
1368090035 59 68.112 9.112
1368090636 59 68.112 9.112
1368091237 59 68.112 9.112
1368091838 59 68.112 9.112
1368092440 59 68.000 9.000
1368093041 59 67.887 8.887
1368093642 59 67.775 8.775
1368094243 59 67.662 8.662
1368094844 59 67.550 8.550
1368095445 59 67.437 8.437
1368096046 60 67.325 7.325
1368096647 60 67.325 7.325
1368097248 60 67.212 7.212
1368097849 60 67.100 7.100
1368098451 60 66.987 6.987
1368099052 60 66.875 6.875
1368099653 59 66.987 7.987
1368100254 59 66.987 7.987
1368100855 59 67.100 8.100
1368101456 59 67.212 8.212
1368102058 59 67.212 8.212
1368102659 60 67.325 7.325
1368103260 60 67.437 7.437
1368103861 60 67.550 7.550
1368104462 61 67.550 6.550
1368105065 61 67.662 6.662
1368105666 59 67.775 8.775
1368106267 59 68.000 9.000
1368106868 59 68.337 9.337
1368107469 59 68.450 9.450
1368108070 59 68.787 9.787
1368108671 59 69.575 10.575
1368109272 59 70.587 11.587
1368109873 59 71.712 12.712
1368110474 60 71.937 11.937
1368111075 60 71.937 11.937
1368111676 60 72.387 12.387
1368112277 61 72.275 11.275
1368112878 61 71.712 10.712
1368113479 61 71.262 10.262
1368114080 64 71.262 7.262
1368114681 64 71.712 7.712
1368115282 64 72.050 8.050
1368115884 64 72.612 8.612
1368116485 63 74.075 11.075
1368117086 63 74.412 11.412
1368117687 63 75.087 12.087
1368118288 63 75.425 12.425
1368118889 63 76.437 13.437
1368119490 63 76.887 13.887
1368120091 63 77.562 14.562
1368120692 63 79.137 16.137
1368121294 63 79.700 16.700
1368121895 63 79.475 16.475
1368122496 63 80.037 17.037
1368123097 63 80.487 17.487
1368123699 63 81.387 18.387
1368124300 63 83.975 20.975
1368124901 63 81.612 18.612
1368125502 63 79.587 16.587
1368126103 64 78.462 14.462
1368126704 64 79.475 15.475
1368127305 64 79.025 15.025
1368127906 64 78.237 14.237
1368128507 65 78.687 13.687
1368129108 65 78.800 13.800
1368129709 65 78.912 13.912
1368130310 65 79.025 14.025
1368130911 65 79.362 14.362
1368131512 65 79.362 14.362
1368132113 65 79.587 14.587
1368132714 65 80.375 15.375
1368133315 65 81.050 16.050
1368133916 65 81.050 16.050
1368134517 66 81.162 15.162
1368135118 66 82.400 16.400
1368135719 66 84.312 18.312
1368136320 66 84.312 18.312
1368136921 66 82.850 16.850
1368137522 24 80.487 56.487
1368138123 65 78.575 13.575
1368138724 65 77.225 12.225
1368139325 64 76.325 12.325
1368139926 63 75.537 12.537
1368140527 63 74.975 11.975
1368141128 63 74.300 11.300
1368141729 24 73.850 49.850
1368142331 63 73.850 10.850
1368142932 63 73.625 10.625
1368143533 63 73.512 10.512
1368144134 63 73.400 10.400
1368144735 64 73.062 9.062
1368145336 64 72.725 8.725
1368145937 64 72.387 8.387
1368146538 64 71.937 7.937
1368147139 64 71.487 7.487
1368147740 64 71.150 7.150
1368148341 63 70.700 7.700
1368148942 63 70.362 7.362
1368149543 63 70.137 7.137
1368150144 63 69.912 6.912
1368150745 63 69.800 6.800
1368151346 63 69.687 6.687
1368151947 24 69.462 45.462
1368152548 62 69.350 7.350
1368153149 62 69.125 7.125
1368153750 24 69.012 45.012
1368154351 62 68.900 6.900
1368154952 62 68.787 6.787
1368155553 61 68.675 7.675
1368156154 61 68.562 7.562
1368156755 24 68.450 44.450
1368157356 61 68.337 7.337
1368157957 61 68.337 7.337
1368158558 61 68.112 7.112
1368159159 59 68.000 9.000
1368159760 59 67.887 8.887
1368160361 59 67.662 8.662
1368160962 59 67.550 8.550
1368161563 59 67.437 8.437
1368162164 59 67.212 8.212
1368162765 60 67.212 7.212
1368163366 60 66.875 6.875
1368163967 60 66.650 6.650
1368164568 60 66.425 6.425
1368165169 60 65.975 5.975
1368165770 60 65.637 5.637
1368166372 58 65.187 7.187
1368166973 58 64.850 6.850
1368167574 58 64.512 6.512
1368168175 55 64.287 9.287
1368168776 54 63.950 9.950
1368169377 54 63.725 9.725
1368169978 54 63.500 9.500
1368170579 54 63.387 9.387
1368171180 54 63.275 9.275
1368171781 54 63.275 9.275
1368172382 54 63.275 9.275
1368172983 54 63.162 9.162
1368173584 54 63.050 9.050
1368174185 54 62.937 8.937
1368174786 54 62.825 8.825
1368175387 54 62.712 8.712
1368175988 54 62.487 8.487
1368176589 54 62.375 8.375
1368177190 53 62.262 9.262
1368177791 53 62.150 9.150
1368178392 53 62.150 9.150
1368178993 53 62.037 9.037
1368179594 53 61.812 8.812
1368180195 53 61.812 8.812
1368180796 52 61.587 9.587
1368181397 52 61.587 9.587
1368181998 52 61.587 9.587
1368182599 52 61.475 9.475
1368183200 52 61.362 9.362
1368183801 52 61.250 9.250
1368184402 51 61.025 10.025
1368185003 51 60.912 9.912
1368185604 51 60.800 9.800
1368186205 51 60.800 9.800
1368186806 51 60.912 9.912
1368187408 50 61.025 11.025
1368188009 50 60.800 10.800
1368188610 50 60.912 10.912
1368189211 50 60.912 10.912
1368189812 50 60.912 10.912
1368190413 50 61.025 11.025
1368191014 50 61.250 11.250
1368191615 50 61.362 11.362
1368192216 50 61.812 11.812
1368192817 50 62.150 12.150
1368193418 50 62.150 12.150
1368194019 50 61.925 11.925
1368194620 50 61.812 11.812
1368195221 50 61.700 11.700
1368195822 50 61.812 11.812
1368196423 50 61.925 11.925
1368197024 50 62.037 12.037
1368197625 50 62.037 12.037
1368198226 50 62.037 12.037
1368198827 49 62.375 13.375
1368199428 49 62.937 13.937
1368200029 49 63.387 14.387
1368200630 48 63.725 15.725
1368201231 48 64.287 16.287
1368201832 50 65.300 15.300
1368202433 50 65.750 15.750
1368203034 50 66.200 16.200
1368203635 50 66.650 16.650
1368204236 50 66.425 16.425
1368204837 52 66.087 14.087
1368205438 52 66.425 14.425
1368206039 51 66.987 15.987
1368206640 51 67.212 16.212
1368207241 51 67.325 16.325
1368207842 52 67.550 15.550
1368208443 52 68.000 16.000
1368209044 52 68.450 16.450
1368209645 52 69.012 17.012
1368210246 52 70.025 18.025
1368210847 52 70.812 18.812
1368211448 52 71.262 19.262
1368212049 52 71.487 19.487
1368212650 52 71.712 19.712
1368213251 54 71.937 17.937
1368213852 54 72.050 18.050
1368214453 54 72.387 18.387
1368215054 54 73.512 19.512
1368215655 54 73.737 19.737
1368216256 54 74.637 20.637
1368216857 56 75.537 19.537
1368217458 56 77.000 21.000
1368218059 56 83.075 27.075
1368218661 56 84.087 28.087
1368219262 56 87.012 31.012
1368219863 59 88.812 29.812
1368220464 59 87.912 28.912
1368221065 59 85.325 26.325
1368221666 59 83.075 24.075
1368222267 59 80.937 21.937
1368222868 59 79.137 20.137
1368223469 59 77.675 18.675
1368224070 60 75.987 15.987
1368224671 60 74.637 14.637
1368225272 60 73.737 13.737
1368225873 60 73.287 13.287
1368226474 60 72.725 12.725
1368227075 60 72.387 12.387
1368227676 61 72.162 11.162
1368228277 61 72.275 11.275
1368228878 61 72.050 11.050
1368229479 61 71.375 10.375
1368230080 61 70.362 9.362
1368230681 61 69.462 8.462
1368231282 59 68.900 9.900
1368231883 59 68.450 9.450
1368232484 59 67.887 8.887
1368233085 59 67.212 8.212
1368233686 59 66.650 7.650
1368234287 57 65.975 8.975
1368234888 57 65.300 8.300
1368235489 57 64.400 7.400
1368236090 57 63.162 6.162
1368236691 57 62.487 5.487
1368237292 57 62.037 5.037
1368237893 57 61.587 4.587
1368238494 54 61.250 7.250
1368239095 54 60.912 6.912
1368239696 54 60.912 6.912
1368240297 54 60.800 6.800
1368240898 54 60.575 6.575
1368241499 52 60.462 8.462
1368242100 52 60.237 8.237
1368242701 52 59.900 7.900
1368243302 52 59.675 7.675
1368243903 52 59.450 7.450
1368244505 52 59.337 7.337
1368245106 52 59.112 7.112
1368245707 51 58.887 7.887
1368246308 51 58.775 7.775
1368246909 51 58.550 7.550
1368247510 51 58.325 7.325
1368248111 51 58.100 7.100
1368248712 49 57.875 8.875
1368249313 49 57.650 8.650
1368249914 49 57.425 8.425
1368250515 49 57.200 8.200
1368251116 49 57.087 8.087
1368251717 49 56.862 7.862
1368252318 49 56.750 7.750
1368252919 48 56.637 8.637
1368253520 48 56.525 8.525
1368254121 48 56.412 8.412
1368254722 48 56.412 8.412
1368255323 48 56.300 8.300
1368255924 47 56.300 9.300
1368256525 47 56.300 9.300
1368257126 47 56.300 9.300
1368257727 47 56.300 9.300
1368258328 47 56.187 9.187
1368258929 47 56.075 9.075
1368259530 47 56.075 9.075
1368260131 49 56.075 7.075
1368260732 49 56.075 7.075
1368261334 49 55.962 6.962
1368261935 49 55.962 6.962
1368262536 49 55.962 6.962
1368263137 48 55.962 7.962
1368263738 48 55.962 7.962
1368264339 48 56.187 8.187
1368264940 48 56.187 8.187
1368265541 48 56.300 8.300
1368266142 48 56.300 8.300
1368266743 48 56.300 8.300
1368267344 50 56.300 6.300
1368267945 50 56.300 6.300
1368268546 50 56.412 6.412
1368269147 50 56.300 6.300
1368269748 50 56.187 6.187
1368270349 51 56.187 5.187
1368270950 51 56.187 5.187
1368271551 51 56.187 5.187
1368272152 51 56.187 5.187
1368272753 51 56.300 5.300
1368273354 51 56.412 5.412
1368273955 51 56.525 5.525
1368274556 50 56.637 6.637
1368275157 50 56.862 6.862
1368275758 50 56.975 6.975
1368276359 50 57.200 7.200
1368276961 50 57.650 7.650
1368277561 50 58.550 8.550
1368278162 50 59.562 9.562
1368278764 50 60.575 10.575
1368279365 50 61.925 11.925
1368279966 50 63.500 13.500
1368280567 50 65.300 15.300
1368281168 50 67.662 17.662
1368281769 51 71.150 20.150
1368282370 51 74.975 23.975
1368282971 51 78.687 27.687
1368283572 51 78.800 27.800
1368284173 51 78.462 27.462
1368284774 53 78.350 25.350
1368285375 53 78.687 25.687
1368285976 53 79.475 26.475
1368286577 53 80.150 27.150
1368287178 53 81.050 28.050
1368287779 53 82.400 29.400
1368288380 53 83.975 30.975
1368288981 54 84.875 30.875
1368289582 54 86.225 32.225
1368290183 54 88.812 34.812
1368290784 54 91.062 37.062
1368291385 54 93.987 39.987
1368291986 54 97.025 43.025
1368292587 54 100.850 46.850
1368293188 54 101.525 47.525
1368293789 54 97.475 43.475
1368294390 54 92.862 38.862
1368294991 54 96.237 42.237
1368295592 54 95.900 41.900
1368296194 56 92.525 36.525
1368296795 56 91.850 35.850
1368297396 56 97.812 41.812
1368297997 56 100.175 44.175
1368298598 56 97.137 41.137
1368299199 54 99.050 45.050
1368299800 54 94.100 40.100
1368300401 54 87.687 33.687
1368301002 54 88.475 34.475
1368301603 54 91.287 37.287
1368302204 54 88.587 34.587
1368302805 54 93.312 39.312
1368303406 54 95.562 41.562
1368304007 54 97.475 43.475
1368304608 54 96.912 42.912
1368305209 54 98.487 44.487
1368305810 54 95.450 41.450
1368306411 53 93.762 40.762
1368307012 53 92.862 39.862
1368307613 53 93.425 40.425
1368308214 53 91.737 38.737
1368308815 53 88.250 35.250
1368309416 53 86.112 33.112
1368310017 53 84.650 31.650
1368310618 54 82.962 28.962
1368311219 54 81.387 27.387
1368311821 54 78.912 24.912
1368312422 54 76.662 22.662
1368313023 54 75.087 21.087
1368313624 53 73.512 20.512
1368314225 53 72.050 19.050
1368314826 53 70.925 17.925
1368315427 53 70.250 17.250
1368316028 53 69.237 16.237
1368316629 53 68.112 15.112
1368317230 52 66.987 14.987
1368317831 52 65.975 13.975
1368318432 52 65.075 13.075
1368319033 52 64.287 12.287
1368319634 52 63.500 11.500
1368320235 52 62.825 10.825
1368320836 50 62.150 12.150
1368321437 50 61.475 11.475
1368322038 50 60.800 10.800
1368322639 50 60.237 10.237
1368323240 50 59.787 9.787
1368323841 50 59.225 9.225
1368324442 46 58.887 12.887
1368325043 46 58.437 12.437
1368325644 46 58.100 12.100
1368326245 46 57.650 11.650
1368326846 46 57.312 11.312
1368327447 46 56.975 10.975
1368328048 42 56.637 14.637
1368328649 42 56.412 14.412
1368329250 42 56.075 14.075
1368329851 42 55.737 13.737
1368330452 42 55.512 13.512
1368331053 42 55.287 13.287
1368331654 41 54.950 13.950
1368332255 41 54.500 13.500
1368332857 41 54.162 13.162
1368333458 41 54.387 13.387
1368334059 41 54.387 13.387
1368334660 41 54.612 13.612
1368335261 41 54.500 13.500
1368335862 38 54.387 16.387
1368336463 38 54.275 16.275
1368337064 38 53.937 15.937
1368337665 38 54.162 16.162
1368338266 38 53.712 15.712
1368338867 36 53.937 17.937
1368339468 36 53.825 17.825
1368340069 36 53.712 17.712
1368340670 36 53.375 17.375
1368341271 36 53.712 17.712
1368341872 36 53.262 17.262
1368342473 36 53.600 17.600
1368343074 36 53.262 17.262
1368343675 36 53.600 17.600
1368344276 36 53.375 17.375
1368344877 36 53.375 17.375
1368345478 36 53.487 17.487
1368346079 37 53.037 16.037
1368346680 37 53.375 16.375
1368347281 37 52.812 15.812
1368347882 37 53.150 16.150
1368348483 37 52.587 15.587
1368349084 37 53.150 16.150
1368349685 37 52.475 15.475
1368350286 35 52.925 17.925
1368350887 35 52.700 17.700
1368351488 35 52.475 17.475
1368352089 35 52.812 17.812
1368352690 35 52.025 17.025
1368353292 33 52.587 19.587
1368353893 33 52.362 19.362
1368354494 33 52.700 19.700
1368355095 33 52.587 19.587
1368355696 33 52.700 19.700
1368356297 33 52.812 19.812
1368356898 33 52.700 19.700
1368357500 32 52.925 20.925
1368358101 32 52.700 20.700
1368358702 32 52.925 20.925
1368359303 32 52.475 20.475
1368359904 32 52.925 20.925
1368360505 34 53.037 19.037
1368361106 34 53.150 19.150
1368361707 34 53.600 19.600
1368362308 34 54.050 20.050
1368362909 34 54.275 20.275
1368363510 34 54.725 20.725
1368364111 34 55.512 21.512
1368364712 41 56.525 15.525
1368365313 41 57.875 16.875
1368365914 41 59.450 18.450
1368366515 41 61.587 20.587
1368367116 41 64.287 23.287
1368367717 45 67.775 22.775
1368368318 45 72.275 27.275
1368368919 45 77.000 32.000
1368369520 45 81.837 36.837
1368370121 45 86.337 41.337
1368370722 45 90.500 45.500
1368371323 47 93.650 46.650
1368371924 47 96.462 49.462
1368372525 47 98.375 51.375
1368373126 47 99.950 52.950
1368373727 47 101.187 54.187
1368374328 47 102.312 55.312
1368374929 47 103.775 56.775
1368375530 47 105.237 58.237
1368376131 50 107.262 57.262
1368376732 50 109.512 59.512
1368377333 50 112.212 62.212
1368377934 50 115.925 65.925
1368378535 51 119.750 68.750
1368379136 51 123.125 72.125
1368379737 51 125.600 74.600
1368380338 51 128.187 77.187
1368380939 51 131.000 80.000
1368381540 51 134.375 83.375
1368382141 54 136.850 82.850
1368382742 54 138.650 84.650
1368383344 54 140.675 86.675
1368383945 54 141.012 87.012
1368384546 54 140.787 86.787
1368385147 54 139.887 85.887
1368385748 54 138.762 84.762
1368386349 54 134.825 80.825
1368386950 54 132.012 78.012
1368387551 54 131.225 77.225
1368388152 54 129.425 75.425
1368388753 54 127.287 73.287
1368389354 56 124.700 68.700
1368389957 56 123.350 67.350
1368390558 56 122.000 66.000
1368391159 56 114.125 58.125
1368391760 56 108.950 52.950
1368392361 56 104.787 48.787
1368392962 57 101.300 44.300
1368393563 57 98.037 41.037
1368394164 57 96.237 39.237
1368394765 57 92.975 35.975
1368395366 57 89.712 32.712
1368395967 57 85.775 28.775
1368396568 57 82.175 25.175
1368397169 57 79.812 22.812
1368397770 57 78.237 21.237
1368398371 57 76.550 19.550
1368398972 57 75.312 18.312
1368399573 57 73.962 16.962
1368400174 57 73.175 16.175
1368400775 57 73.062 16.062
1368401376 57 73.062 16.062
1368401977 57 73.062 16.062
1368402578 57 72.500 15.500
1368403179 57 71.712 14.712
1368403780 56 70.812 14.812
1368404381 56 70.025 14.025
1368404982 56 69.237 13.237
1368405583 56 68.562 12.562
1368406184 56 67.775 11.775
1368406785 56 67.100 11.100
1368407386 53 66.312 13.312
1368407987 53 65.525 12.525
1368408588 53 64.737 11.737
1368409189 53 63.950 10.950
1368409790 53 63.162 10.162
1368410391 53 62.375 9.375
1368410992 52 61.700 9.700
1368411593 52 61.137 9.137
1368412194 52 60.575 8.575
1368412795 52 60.012 8.012
1368413396 52 59.450 7.450
1368413997 52 59.000 7.000
1368414599 45 58.550 13.550
1368415200 45 58.100 13.100
1368415801 45 57.650 12.650
1368416402 45 57.537 12.537
1368417003 45 57.312 12.312
1368417604 45 57.200 12.200
1368418205 44 56.975 12.975
1368418806 44 56.637 12.637
1368419407 44 56.525 12.525
1368420008 44 56.187 12.187
1368420609 44 56.075 12.075
1368421210 44 55.850 11.850
1368421811 42 55.512 13.512
1368422412 42 55.737 13.737
1368423013 42 55.737 13.737
1368423614 42 55.400 13.400
1368424215 42 55.287 13.287
1368424816 42 55.175 13.175
1368425417 44 54.950 10.950
1368426018 44 55.175 11.175
1368426619 44 54.725 10.725
1368427220 44 54.950 10.950
1368427821 44 54.612 10.612
1368428422 44 54.837 10.837
1368429023 40 54.162 14.162
1368429624 40 54.387 14.387
1368430225 40 53.825 13.825
1368430826 40 54.275 14.275
1368431427 40 53.937 13.937
1368432028 40 54.162 14.162
1368432629 36 53.937 17.937
1368433230 36 53.712 17.712
1368433831 36 53.825 17.825
1368434432 36 53.487 17.487
1368435033 36 53.712 17.712
1368435634 36 53.487 17.487
1368436235 39 53.712 14.712
1368436836 39 53.262 14.262
1368437437 39 53.487 14.487
1368438038 39 53.037 14.037
1368438639 39 53.375 14.375
1368439240 39 52.812 13.812
1368439841 37 53.150 16.150
1368440442 37 53.150 16.150
1368441043 37 52.812 15.812
1368441644 37 53.037 16.037
1368442245 37 52.587 15.587
1368442846 37 53.037 16.037
1368443447 37 52.475 15.475
1368444048 37 52.925 15.925
1368444649 37 52.475 15.475
1368445250 37 52.925 15.925
1368445851 37 52.587 15.587
1368446452 37 53.262 16.262
1368447054 34 53.487 19.487
1368447655 34 53.712 19.712
1368448256 34 54.050 20.050
1368448857 34 54.500 20.500
1368449458 34 54.612 20.612
1368450059 45 55.287 10.287
1368450660 45 56.525 11.525
1368451261 45 57.762 12.762
1368451862 45 59.112 14.112
1368452463 45 60.575 15.575
1368453064 45 62.262 17.262
1368453665 45 64.512 19.512
1368454266 53 67.212 14.212
1368454867 53 70.362 17.362
1368455468 53 73.737 20.737
1368456069 53 77.225 24.225
1368456670 53 80.487 27.487
1368457271 53 83.300 30.300
1368457872 58 85.662 27.662
1368458473 58 87.575 29.575
1368459074 58 89.037 31.037
1368459675 58 90.725 32.725
1368460276 58 91.850 33.850
1368460877 58 94.100 36.100
1368461478 62 94.775 32.775
1368462079 62 96.575 34.575
1368462680 62 98.037 36.037
1368463281 62 99.162 37.162
1368463882 62 100.962 38.962
1368464483 62 99.612 37.612
1368465084 65 97.362 32.362
1368465685 65 98.600 33.600
1368466286 65 99.387 34.387
1368466887 65 98.600 33.600
1368467488 65 95.787 30.787
1368468090 65 90.612 25.612
1368468691 65 87.687 22.687
1368469292 65 93.650 28.650
1368469893 65 99.162 34.162
1368470494 65 94.662 29.662
1368471095 65 90.837 25.837
1368471696 65 86.675 21.675
1368472297 66 86.675 20.675
1368472898 66 88.925 22.925
1368473499 66 91.625 25.625
1368474100 66 88.250 22.250
1368474701 66 85.325 19.325
1368475302 66 82.512 16.512
1368475903 67 80.712 13.712
1368476504 67 79.925 12.925
1368477106 67 81.387 14.387
1368477707 67 86.787 19.787
1368478309 67 89.037 22.037
1368478910 69 89.487 20.487
1368479511 69 87.125 18.125
1368480112 69 83.862 14.862
1368480713 69 83.187 14.187
1368481314 69 82.400 13.400
1368481915 69 81.837 12.837
1368482516 69 81.725 12.725
1368483117 69 81.387 12.387
1368483718 69 80.712 11.712
1368484319 69 80.262 11.262
1368484920 69 79.587 10.587
1368485521 69 78.912 9.912
1368486122 69 78.462 9.462
1368486724 69 77.675 8.675
1368487325 69 76.887 7.887
1368487926 69 75.875 6.875
1368488527 69 75.312 6.312
1368489128 69 74.862 5.862
1368489729 69 74.412 5.412
1368490330 69 73.850 4.850
1368490931 68 73.175 5.175
1368491532 68 72.500 4.500
1368492133 68 71.937 3.937
1368492734 68 71.150 3.150
1368493335 66 70.475 4.475
1368493936 66 69.912 3.912
1368494537 66 69.237 3.237
1368495138 66 68.675 2.675
1368495739 66 68.112 2.112
1368496340 66 67.662 1.662
1368496941 66 67.325 1.325
1368497543 63 66.987 3.987
1368498144 63 66.762 3.762
1368498745 63 66.537 3.537
1368499346 63 66.312 3.312
1368499947 63 66.200 3.200
1368500548 63 65.975 2.975
1368501149 62 65.750 3.750
1368501750 62 65.637 3.637
1368502351 62 65.525 3.525
1368502952 62 65.412 3.412
1368503553 62 65.187 3.187
1368504154 62 65.075 3.075
1368504755 61 64.850 3.850
1368505356 61 64.737 3.737
1368505957 61 64.625 3.625
1368506558 61 64.512 3.512
1368507159 61 64.512 3.512
1368507760 61 64.287 3.287
1368508361 60 64.175 4.175
1368508962 60 64.062 4.062
1368509563 60 63.837 3.837
1368510164 60 63.612 3.612
1368510765 60 63.387 3.387
1368511366 60 63.162 3.162
1368511967 58 63.050 5.050
1368512568 58 62.825 4.825
1368513169 58 62.712 4.712
1368513770 58 62.600 4.600
1368514371 58 62.487 4.487
1368514972 58 62.375 4.375
1368515573 58 62.262 4.262
1368516174 58 62.150 4.150
1368516775 58 62.037 4.037
1368517377 58 61.925 3.925
1368517978 58 61.925 3.925
1368518579 58 61.812 3.812
1368519180 57 61.700 4.700
1368519781 57 61.587 4.587
1368520382 57 61.475 4.475
1368520983 57 61.362 4.362
1368521584 57 61.362 4.362
1368522185 57 61.137 4.137
1368522786 57 60.912 3.912
1368523388 57 60.687 3.687
1368523989 57 60.575 3.575
1368524590 57 60.462 3.462
1368525191 57 60.237 3.237
1368525792 57 60.012 3.012
1368526393 56 59.675 3.675
1368526994 56 59.450 3.450
1368527595 56 59.225 3.225
1368528196 56 58.887 2.887
1368528797 56 58.662 2.662
1368529398 56 58.437 2.437
1368529999 58 58.212 .212
1368530600 58 58.212 .212
1368531201 58 58.325 .325
1368531802 58 58.662 .662
1368532403 58 59.225 1.225
1368533004 58 59.787 1.787
1368533605 59 60.575 1.575
1368534206 59 61.362 2.362
1368534807 59 62.262 3.262
1368535408 59 63.275 4.275
1368536009 59 64.400 5.400
1368536610 59 64.962 5.962
1368537211 62  -62
