1364011242 31 52.925 21.925
1364011843 31 53.150 22.150
1364012444 31 53.150 22.150
1364013046 31 53.375 22.375
1364013647 31 53.150 22.150
1364014248 31 52.925 21.925
1364014849 31 52.812 21.812
1364015450 31 52.475 21.475
1364016051 31 52.925 21.925
1364016652 31 53.150 22.150
1364017253 31 52.925 21.925
1364017854 31 52.700 21.700
1364018455 31 52.250 21.250
1364019056 31 52.475 21.475
1364019657 30 53.037 23.037
1364020258 31 52.700 21.700
1364020859 30 52.587 22.587
1364021460 30 52.137 22.137
1364022061 30 52.025 22.025
1364022662 30 52.362 22.362
1364023263 30 52.475 22.475
1364023864 30 52.362 22.362
1364024465 30 52.250 22.250
1364025066 30 52.025 22.025
1364025667 30 51.800 21.800
1364026268 30 51.912 21.912
1364026869 30 52.362 22.362
1364027470 29 52.475 23.475
1364028071 29 51.575 22.575
1364028672 29 52.025 23.025
1364029273 29 52.587 23.587
1364029875 29 51.125 22.125
1364030476 29 52.700 23.700
1364031077 28 51.237 23.237
1364031678 28 52.700 24.700
1364032279 28 52.475 24.475
1364032880 28 52.137 24.137
1364033481 28 53.037 25.037
1364034082 25 51.462 26.462
1364034683 25 52.137 27.137
1364035284 25 52.587 27.587
1364035885 25 51.912 26.912
1364036486 25 51.125 26.125
1364037087 27 52.700 25.700
1364037688 25 51.462 26.462
1364038289 25 52.700 27.700
1364038890 27 50.787 23.787
1364039491 27 52.250 25.250
1364040092 27 52.475 25.475
1364040693 27 52.587 25.587
1364041294 25 52.812 27.812
1364041895 25 53.037 28.037
1364042496 25 52.137 27.137
1364043097 25 51.237 26.237
1364043698 25 52.700 27.700
1364044299 26 52.362 26.362
1364044900 25 52.137 27.137
1364045501 25 52.475 27.475
1364046102 25 52.925 27.925
1364046703 26 53.375 27.375
1364047305 26 54.275 28.275
1364047906 30 55.512 25.512
1364048508 30 57.425 27.425
1364049109 26 59.675 33.675
1364049710 30 61.362 31.362
1364050311 30 62.937 32.937
1364050912 30 65.300 35.300
1364051513 30 66.762 36.762
1364052114 30 67.100 37.100
1364052715 33 68.450 35.450
1364053316 30 70.925 40.925
1364053917 30 73.400 43.400
1364054518 33 73.625 40.625
1364055119 33 72.837 39.837
1364055720 33 71.375 38.375
1364056321 33 70.587 37.587
1364056922 37 69.912 32.912
1364057523 37 70.025 33.025
1364058124 37 69.125 32.125
1364058725 37 68.787 31.787
1364059326 37 70.362 33.362
1364059927 37 73.962 36.962
1364060528 37 77.337 40.337
1364061129 37 79.025 42.025
1364061730 37 79.925 42.925
1364062331 38 80.487 42.487
1364062932 37 79.475 42.475
1364063533 37 79.025 42.025
1364064135 38 79.137 41.137
1364064736 38 77.900 39.900
1364065337 38 74.975 36.975
1364065938 38 72.725 34.725
1364066539 39 71.037 32.037
1364067140 39 69.912 30.912
1364067741 39 69.350 30.350
1364068343 38 68.562 30.562
1364068944 39 67.437 28.437
1364069545 39 66.537 27.537
1364070146 39 65.637 26.637
1364070747 39 65.075 26.075
1364071348 39 64.737 25.737
1364071949 39 64.737 25.737
1364072550 39 65.750 26.750
1364073151 39 68.225 29.225
1364073752 39 69.575 30.575
1364074353 40 69.350 29.350
1364074954 39 67.662 28.662
1364075556 39 68.000 29.000
1364076157 40 65.862 25.862
1364076758 40 63.500 23.500
1364077359 40 61.812 21.812
1364077960 40 60.575 20.575
1364078561 40 59.225 19.225
1364079162 40 58.325 18.325
1364079763 40 57.537 17.537
1364080365 40 56.862 16.862
1364080966 40 56.862 16.862
1364081567 39 56.187 17.187
1364082168 39 56.075 17.075
1364082769 39 55.287 16.287
1364083370 39 55.287 16.287
1364083971 39 55.062 16.062
1364084572 37 54.500 17.500
1364085173 39 54.387 15.387
1364085774 37 54.612 17.612
1364086375 37 54.500 17.500
1364086976 37 54.500 17.500
1364087577 37 54.162 17.162
1364088178 37 53.600 16.600
1364088780 37 53.712 16.712
1364089381 37 53.825 16.825
1364089982 37 53.712 16.712
1364090583 37 53.712 16.712
1364091184 35 53.825 18.825
1364091785 37 53.600 16.600
1364092386 37 53.037 16.037
1364092987 35 52.812 17.812
1364093588 35 53.037 18.037
1364094189 32 53.150 21.150
1364094790 32 53.037 21.037
1364095391 32 52.700 20.700
1364095992 31 53.037 22.037
1364096593 31 52.812 21.812
1364097194 31 52.925 21.925
1364097795 31 52.700 21.700
1364098396 31 52.812 21.812
1364098997 31 53.375 22.375
1364099598 30 51.800 21.800
1364100199 30 52.362 22.362
1364100800 30 52.700 22.700
1364101401 30 53.037 23.037
1364102002 30 52.925 22.925
1364102603 30 52.475 22.475
1364103204 30 52.362 22.362
1364103805 30 52.137 22.137
1364104406 30 51.912 21.912
1364105007 30 52.025 22.025
1364105608 30 52.362 22.362
1364106209 30 52.587 22.587
1364106811 30 52.700 22.700
1364107412 30 52.587 22.587
1364108013 30 52.250 22.250
1364108614 30 52.025 22.025
1364109215 30 52.137 22.137
1364109816 30 51.912 21.912
1364110417 30 51.462 21.462
1364111018 30 51.462 21.462
1364111619 30 51.575 21.575
1364112220 30 51.687 21.687
1364112821 30 51.800 21.800
1364113422 30 52.137 22.137
1364114023 30 52.025 22.025
1364114624 30 52.137 22.137
1364115225 30 51.912 21.912
1364115826 28 52.250 24.250
1364116427 29 52.362 23.362
1364117028 28 52.137 24.137
1364117629 29 51.800 22.800
1364118230 29 51.687 22.687
1364118831 28 51.687 23.687
1364119432 29 51.575 22.575
1364120033 29 51.350 22.350
1364120634 29 51.125 22.125
1364121235 28 50.900 22.900
1364121836 28 50.900 22.900
1364122437 29 51.350 22.350
1364123039 29 51.125 22.125
1364123640 28 51.350 23.350
1364124241 28 51.687 23.687
1364124842 29 51.800 22.800
1364125443 28 51.912 23.912
1364126044 28 51.800 23.800
1364126645 28 51.462 23.462
1364127246 28 51.350 23.350
1364127847 28 51.012 23.012
1364128448 28 50.900 22.900
1364129049 28 50.787 22.787
1364129650 28 50.675 22.675
1364130252 28 51.350 23.350
1364130853 28 51.237 23.237
1364131454 28 51.687 23.687
1364132055 28 51.462 23.462
1364132656 28 52.025 24.025
1364133257 28 52.812 24.812
1364133858 28 53.487 25.487
1364134459 28 53.825 25.825
1364135060 28 54.612 26.612
1364135661 28 54.950 26.950
1364136262 28 54.500 26.500
1364136863 28 54.275 26.275
1364137464 29 53.712 24.712
1364138065 28 53.600 25.600
1364138667 28 53.150 25.150
1364139268 29 53.712 24.712
1364139870 29 52.700 23.700
1364140471 29 53.037 24.037
1364141072 29 52.700 23.700
1364141673 29 52.925 23.925
1364142274 29 53.375 24.375
1364142875 29 53.937 24.937
1364143476 29 53.262 24.262
1364144077 29 53.600 24.600
1364144678 28 54.050 26.050
1364145279 28 54.725 26.725
1364145880 28 54.275 26.275
1364146481 30 54.500 24.500
1364147082 30 54.387 24.387
1364147683 28 54.500 26.500
1364148284 30 53.600 23.600
1364148885 30 54.387 24.387
1364149486 30 54.050 24.050
1364150087 30 54.050 24.050
1364150688 30 53.825 23.825
1364151289 30 54.050 24.050
1364151890 30 53.937 23.937
1364152492 30 54.162 24.162
1364153093 30 53.825 23.825
1364153694 31 53.937 22.937
1364154295 30 53.825 23.825
1364154896 30 53.825 23.825
1364155497 31 53.487 22.487
1364156098 31 52.812 21.812
1364156699 31 53.487 22.487
1364157300 31 53.712 22.712
1364157901 31 52.925 21.925
1364158502 31 53.487 22.487
1364159103 31 53.037 22.037
1364159704 31 52.475 21.475
1364160305 31 52.362 21.362
1364160906 31 52.137 21.137
1364161507 31 51.800 20.800
1364162108 31 51.237 20.237
1364162709 31 51.687 20.687
1364163310 31 51.462 20.462
1364163911 31 51.012 20.012
1364164512 31 51.125 20.125
1364165113 31 51.350 20.350
1364165714 30 51.575 21.575
1364166315 31 51.575 20.575
1364166916 30 51.575 21.575
1364167518 30 51.687 21.687
1364168119 30 51.575 21.575
1364168720 30 51.462 21.462
1364169321 30 51.237 21.237
1364169922 30 51.125 21.125
1364170523 30 50.675 20.675
1364171124 30 50.337 20.337
1364171725 30 50.112 20.112
1364172326 30 50.787 20.787
1364172927 30 51.237 21.237
1364173528 30 51.237 21.237
1364174129 30 51.012 21.012
1364174730 30 50.450 20.450
1364175331 30 49.887 19.887
1364175933 30 50.112 20.112
1364176534 30 50.900 20.900
1364177136 28 50.900 22.900
1364177737 28 51.125 23.125
1364178338 29 50.562 21.562
1364178939 29 49.887 20.887
1364179540 29 50.562 21.562
1364180141 28 51.012 23.012
1364180742 28 51.125 23.125
1364181343 28 50.787 22.787
1364181945 29 50.000 21.000
1364182546 28 49.775 21.775
1364183147 29 50.112 21.112
1364183748 29 51.125 22.125
1364184349 29 51.012 22.012
1364184950 29 50.337 21.337
1364185551 29 49.775 20.775
1364186152 29 49.437 20.437
1364186753 29 51.012 22.012
1364187354 28 51.012 23.012
1364187955 28 50.225 22.225
1364188556 28 49.662 21.662
1364189157 28 50.450 22.450
1364189758 28 51.125 23.125
1364190359 29 50.562 21.562
1364190961 29 49.550 20.550
1364191562 29 49.887 20.887
1364192163 29 51.125 22.125
1364192764 29 50.225 21.225
1364193365 28 49.437 21.437
1364193966 28 50.225 22.225
1364194567 28 51.125 23.125
1364195168 28 49.775 21.775
1364195769 28 50.675 22.675
1364196370 28 50.900 22.900
1364196971 28 49.887 21.887
1364197572 28 49.887 21.887
1364198173 28 51.125 23.125
1364198774 28 49.775 21.775
1364199375 28 50.450 22.450
1364199976 28 50.787 22.787
1364200577 28 49.550 21.550
1364201178 28 51.237 23.237
1364201779 28 50.450 22.450
1364202380 28 49.437 21.437
1364202981 28 51.237 23.237
1364203582 28 50.337 22.337
1364204183 27 49.325 22.325
1364204784 27 50.450 23.450
1364205385 27 50.675 23.675
1364205986 27 49.775 22.775
1364206587 27 49.437 22.437
1364207188 27 51.012 24.012
1364207789 28 49.887 21.887
1364208390 28 49.887 21.887
1364208992 28 50.900 22.900
1364209593 28 49.662 21.662
1364210194 29 50.000 21.000
1364210795 28 50.562 22.562
1364211396 28 49.662 21.662
1364211997 29 50.900 21.900
1364212598 29 49.212 20.212
1364213199 29 51.237 22.237
1364213800 29 50.000 21.000
1364214401 28 49.325 21.325
1364215002 28 50.900 22.900
1364215604 28 49.550 21.550
1364216205 28 49.887 21.887
1364216806 28 51.012 23.012
1364217407 28 50.000 22.000
1364218008 28 49.775 21.775
1364218609 28 51.125 23.125
1364219210 28 50.900 22.900
1364219811 28 50.900 22.900
1364220412 28 50.900 22.900
1364221013 28 50.787 22.787
1364221614 28 51.125 23.125
1364222216 28 51.912 23.912
1364222817 28 52.700 24.700
1364223418 28 53.150 25.150
1364224019 28 54.275 26.275
1364224620 28 55.850 27.850
1364225221 28 57.537 29.537
1364225822 28 59.000 31.000
1364226423 28 61.250 33.250
1364227024 28 64.062 36.062
1364227625 28 66.087 38.087
1364228226 28 66.987 38.987
1364228827 28 68.787 40.787
1364229428 28 69.912 41.912
1364230029 28 70.250 42.250
1364230630 28 71.262 43.262
1364231231 28 71.937 43.937
1364231832 30 73.062 43.062
1364232433 30 74.525 44.525
1364233034 30 74.975 44.975
1364233635 30 76.437 46.437
1364234236 30 78.237 48.237
1364234838 31 79.137 48.137
1364235439 31 79.475 48.475
1364236040 30 78.912 48.912
1364236641 31 80.037 49.037
1364237242 31 75.762 44.762
1364237843 31 76.437 45.437
1364238444 33 72.950 39.950
1364239045 31 70.587 39.587
1364239646 31 68.900 37.900
1364240247 34 67.100 33.100
1364240848 34 65.525 31.525
1364241449 34 65.300 31.300
1364242050 34 64.512 30.512
1364242651 34 62.825 28.825
1364243252 34 63.612 29.612
1364243853 35 63.162 28.162
1364244454 35 62.937 27.937
1364245055 35 63.162 28.162
1364245656 35 62.937 27.937
1364246257 35 63.275 28.275
1364246858 34 62.825 28.825
1364247459 34 61.025 27.025
1364248060 34 59.000 25.000
1364248661 34 58.100 24.100
1364249262 34 57.087 23.087
1364249863 34 56.525 22.525
1364250464 34 55.850 21.850
1364251065 34 55.400 21.400
1364251666 34 55.175 21.175
1364252267 34 54.950 20.950
1364252869 34 54.612 20.612
1364253470 34 54.050 20.050
1364254071 34 54.050 20.050
1364254672 34 53.712 19.712
1364255273 34 53.037 19.037
1364255874 34 53.037 19.037
1364256475 34 53.262 19.262
1364257076 33 53.150 20.150
1364257677 33 52.475 19.475
1364258278 33 52.250 19.250
1364258879 33 52.700 19.700
1364259480 33 52.587 19.587
1364260081 33 52.137 19.137
1364260682 33 51.912 18.912
1364261283 32 51.800 19.800
1364261884 33 52.025 19.025
1364262485 32 52.137 20.137
1364263086 32 52.137 20.137
1364263687 32 51.912 19.912
1364264289 32 51.912 19.912
1364264890 32 51.575 19.575
1364265491 32 51.462 19.462
1364266092 32 51.350 19.350
1364266693 32 51.575 19.575
1364267294 32 51.687 19.687
1364267895 32 51.912 19.912
1364268496 31 51.912 20.912
1364269097 31 51.912 20.912
1364269698 31 51.687 20.687
1364270299 31 51.800 20.800
1364270900 31 51.687 20.687
1364271501 31 51.350 20.350
1364272102 31 51.125 20.125
1364272704 31 51.125 20.125
1364273305 31 51.350 20.350
1364273906 31 51.687 20.687
1364274507 31 51.462 20.462
1364275108 31 51.012 20.012
1364275709 30 50.675 20.675
1364276310 30 50.337 20.337
1364276911 30 50.562 20.562
1364277512 30 50.787 20.787
1364278113 30 51.237 21.237
1364278714 30 51.125 21.125
1364279315 30 52.137 22.137
1364279916 29 50.900 21.900
1364280517 29 51.912 22.912
1364281118 29 52.362 23.362
1364281719 29 50.787 21.787
1364282320 29 51.912 22.912
1364282921 26 52.362 26.362
1364283522 26 50.562 24.562
1364284123 26 51.575 25.575
1364284725 26 52.137 26.137
1364285326 26 52.362 26.362
1364285927 26 52.475 26.475
1364286528 26 50.787 24.787
1364287129 26 51.800 25.800
1364287730 26 52.025 26.025
1364288332 26 52.250 26.250
1364288933 26 52.362 26.362
1364289534 26 52.362 26.362
1364290135 26 52.362 26.362
1364290739 26 52.362 26.362
1364291340 26 52.362 26.362
1364291941 26 50.112 24.112
1364292543 25 51.462 26.462
1364293144 25 51.800 26.800
1364293745 26 52.025 26.025
1364294346 25 52.025 27.025
1364294947 25 52.025 27.025
1364295548 25 52.025 27.025
1364296150 24 51.912 27.912
1364296751 24 51.800 27.800
1364297352 25 51.800 26.800
1364297953 24 51.687 27.687
1364298554 24 51.575 27.575
1364299155 24 51.687 27.687
1364299756 24 51.687 27.687
1364300357 24 51.800 27.800
1364300958 24 52.025 28.025
1364301559 24 52.362 28.362
1364302160 24 52.587 28.587
1364302762 24 51.012 27.012
1364303363 25 51.012 26.012
1364303964 24 51.462 27.462
1364304565 24 51.350 27.350
1364305166 24 51.800 27.800
1364305767 25 52.812 27.812
1364306368 25 53.150 28.150
1364306969 25 53.600 28.600
1364307570 25 54.612 29.612
1364308171 26 55.287 29.287
1364308772 26 55.287 29.287
1364309373 26 58.100 32.100
1364309974 26 59.787 33.787
1364310575 26 61.250 35.250
1364311176 26 64.175 38.175
1364311777 26 66.987 40.987
1364312378 29 67.662 38.662
1364312979 29 68.562 39.562
1364313580 29 70.812 41.812
1364314181 29 72.275 43.275
1364314782 29 76.437 47.437
1364315383 29 78.350 49.350
1364315984 32 76.887 44.887
1364316585 32 75.087 43.087
1364317186 32 77.225 45.225
1364317787 34 79.025 45.025
1364318388 34 79.812 45.812
1364318989 32 79.250 47.250
1364319590 34 80.825 46.825
1364320191 34 82.400 48.400
1364320792 36 81.387 45.387
1364321393 36 79.025 43.025
1364321995 36 75.312 39.312
1364322596 35 73.737 38.737
1364323197 35 77.450 42.450
1364323798 35 70.700 35.700
1364324399 35 69.462 34.462
1364325000 38 69.462 31.462
1364325601 35 67.887 32.887
1364326202 38 66.312 28.312
1364326803 38 65.975 27.975
1364327404 38 64.287 26.287
1364328005 38 63.050 25.050
1364328606 38 62.375 24.375
1364329207 36 61.587 25.587
1364329809 36 61.025 25.025
1364330410 36 60.462 24.462
1364331011 36 59.787 23.787
1364331612 36 59.000 23.000
1364332213 36 57.875 21.875
1364332814 36 57.425 21.425
1364333415 36 57.087 21.087
1364334016 36 55.962 19.962
1364334617 36 56.300 20.300
1364335218 36 56.300 20.300
1364335819 36 55.512 19.512
1364336420 36 55.400 19.400
1364337021 36 55.287 19.287
1364337622 36 55.175 19.175
1364338223 36 54.950 18.950
1364338824 36 54.500 18.500
1364339426 36 54.162 18.162
1364340027 36 54.275 18.275
1364340628 36 54.162 18.162
1364341229 36 53.937 17.937
1364341830 36 53.712 17.712
1364342431 36 53.487 17.487
1364343032 35 53.375 18.375
1364343633 35 52.925 17.925
1364344234 36 52.925 16.925
1364344835 35 53.037 18.037
1364345436 35 52.925 17.925
1364346037 35 52.587 17.587
1364346638 35 52.700 17.700
1364347239 35 52.587 17.587
1364347841 35 51.800 16.800
1364348442 34 52.025 18.025
1364349043 34 52.250 18.250
1364349644 34 52.362 18.362
1364350245 34 52.700 18.700
1364350846 34 52.587 18.587
1364351447 34 52.250 18.250
1364352048 34 52.587 18.587
1364352649 34 52.587 18.587
1364353250 34 52.250 18.250
1364353851 34 51.912 17.912
1364354452 34 52.137 18.137
1364355053 32 52.025 20.025
1364355654 34 51.800 17.800
1364356255 32 51.575 19.575
1364356857 32 51.912 19.912
1364357458 32 52.137 20.137
1364358059 32 51.912 19.912
1364358660 32 51.687 19.687
1364359261 32 51.350 19.350
1364359862 32 51.350 19.350
1364360463 32 51.462 19.462
1364361064 32 51.462 19.462
1364361665 32 51.687 19.687
1364362266 32 51.687 19.687
1364362867 31 51.575 20.575
1364363468 31 51.462 20.462
1364364069 31 51.237 20.237
1364364670 31 50.900 19.900
1364365271 31 50.787 19.787
1364365872 31 51.012 20.012
1364366473 31 50.562 19.562
1364367074 31 51.125 20.125
1364367675 31 50.900 19.900
1364368276 31 50.675 19.675
1364368877 31 51.125 20.125
1364369478 31 51.800 20.800
1364370079 31 51.687 20.687
1364370680 31 51.125 20.125
1364371281 31 50.787 19.787
1364371882 30 50.562 20.562
1364372483 31 50.450 19.450
1364373084 31 50.562 19.562
1364373685 30 50.337 20.337
1364374286 30 50.450 20.450
1364374887 30 50.562 20.562
1364375488 30 51.237 21.237
1364376089 30 51.462 21.462
1364376690 30 51.237 21.237
1364377292 30 50.787 20.787
1364377893 30 50.337 20.337
1364378494 30 50.787 20.787
1364379095 30 51.687 21.687
1364379696 29 51.012 22.012
1364380297 30 50.112 20.112
1364380898 29 51.800 22.800
1364381499 29 50.450 21.450
1364382100 29 51.912 22.912
1364382701 29 50.675 21.675
1364383302 29 51.912 22.912
1364383904 29 50.112 21.112
1364384505 28 51.350 23.350
1364385106 28 52.025 24.025
1364385707 28 50.112 22.112
1364386308 28 51.575 23.575
1364386909 28 52.025 24.025
1364387510 28 50.900 22.900
1364388111 25 52.025 27.025
1364388712 25 51.350 26.350
1364389313 25 50.900 25.900
1364389914 25 51.125 26.125
1364390515 25 51.350 26.350
1364391116 25 51.687 26.687
1364391717 25 52.025 27.025
1364392318 29 53.150 24.150
1364392919 29 54.837 25.837
1364393520 33 56.637 23.637
1364394121 33 58.662 25.662
1364394722 33 60.800 27.800
1364395324 33 63.275 30.275
1364395925 33 65.750 32.750
1364396526 33 68.112 35.112
1364397127 37 70.362 33.362
1364397728 33 72.612 39.612
1364398329 37 74.750 37.750
1364398930 37 77.000 40.000
1364399531 37 78.687 41.687
1364400132 37 79.925 42.925
1364400733 37 81.950 44.950
1364401334 37 85.100 48.100
1364401935 37 88.475 51.475
1364402537 38 91.400 53.400
1364403138 38 92.862 54.862
1364403739 38 92.412 54.412
1364404340 38 91.737 53.737
1364404941 38 90.612 52.612
1364405542 38 91.175 53.175
1364406143 38 91.625 53.625
1364406744 38 91.850 53.850
1364407345 38 91.062 53.062
1364407946 38 90.050 52.050
1364408547 38 87.012 49.012
1364409148 40 87.350 47.350
1364409749 40 91.737 51.737
1364410350 40 92.075 52.075
1364410951 40 88.700 48.700
1364411552 40 81.725 41.725
1364412153 40 78.800 38.800
1364412754 40 77.000 37.000
1364413355 41 73.737 32.737
1364413956 40 75.650 35.650
1364414557 41 79.925 38.925
1364415158 41 80.825 39.825
1364415759 41 80.825 39.825
1364416360 41 78.462 37.462
1364416961 43 80.487 37.487
1364417562 43 82.737 39.737
1364418163 43 82.737 39.737
1364418764 42 82.400 40.400
1364419365 43 82.737 39.737
1364419966 42 83.187 41.187
1364420567 43 83.862 40.862
1364421168 42 82.287 40.287
1364421769 42 83.187 41.187
1364422370 42 82.287 40.287
1364422971 42 80.825 38.825
1364423572 42 79.587 37.587
1364424173 42 78.462 36.462
1364424774 42 75.987 33.987
1364425376 42 72.950 30.950
1364425977 42 70.025 28.025
1364426578 42 67.100 25.100
1364427179 43 65.300 22.300
1364427780 43 63.725 20.725
1364428381 43 59.787 16.787
1364428982 43 58.100 15.100
1364429583 43 56.975 13.975
1364430184 43 55.287 12.287
1364430785 43 55.850 12.850
1364431386 42 55.400 13.400
1364431987 42 55.062 13.062
1364432588 42 55.287 13.287
1364433189 42 55.287 13.287
1364433790 42 55.175 13.175
1364434391 42 54.837 12.837
1364434992 39 54.837 15.837
1364435593 39 54.500 15.500
1364436194 39 54.612 15.612
1364436795 37 54.275 17.275
1364437396 39 54.275 15.275
1364437997 39 54.387 15.387
1364438598 37 54.275 17.275
1364439199 37 54.050 17.050
1364439800 37 53.825 16.825
1364440401 37 53.712 16.712
1364441002 37 53.487 16.487
1364441603 33 53.150 20.150
1364442204 33 53.150 20.150
1364442805 33 53.150 20.150
1364443406 33 53.150 20.150
1364444007 34 53.037 19.037
1364444608 34 52.925 18.925
1364445209 34 52.700 18.700
1364445810 34 52.362 18.362
1364446411 34 52.025 18.025
1364447012 34 51.912 17.912
1364447613 31 51.912 20.912
1364448214 34 52.250 18.250
1364448816 34 52.137 18.137
1364449417 31 52.362 21.362
1364450018 31 52.362 21.362
1364450619 31 52.475 21.475
1364451220 31 52.250 21.250
1364451821 31 52.025 21.025
1364452422 30 51.687 21.687
1364453023 30 52.137 22.137
1364453624 30 52.137 22.137
1364454225 30 52.362 22.362
1364454826 30 52.025 22.025
1364455427 30 51.687 21.687
1364456028 30 52.362 22.362
1364456629 29 52.250 23.250
1364457230 29 51.575 22.575
1364457831 29 51.912 22.912
1364458432 29 52.475 23.475
1364459033 29 51.687 22.687
1364459634 28 51.575 23.575
1364460235 28 52.475 24.475
1364460836 28 51.575 23.575
1364461437 28 52.250 24.250
1364462038 28 52.137 24.137
1364462639 28 52.362 24.362
1364463240 27 52.137 25.137
1364463841 27 51.237 24.237
1364464442 27 52.250 25.250
1364465043 27 52.025 25.025
1364465644 28 52.025 24.025
1364466245 28 52.700 24.700
1364466846 28 51.237 23.237
1364467447 28 52.250 24.250
1364468048 28 52.812 24.812
1364468649 28 52.025 24.025
1364469250 27 52.025 25.025
1364469851 28 52.587 24.587
1364470452 28 52.925 24.925
1364471053 27 51.462 24.462
1364471654 27 52.475 25.475
1364472255 27 52.362 25.362
1364472857 27 51.800 24.800
1364473458 27 52.812 25.812
1364474059 27 51.687 24.687
1364474660 27 52.137 25.137
1364475261 27 52.362 25.362
1364475862 27 52.362 25.362
1364476463 27 52.587 25.587
1364477064 30 52.137 22.137
1364477665 30 52.475 22.475
1364478266 30 53.375 23.375
1364478867 30 54.162 24.162
1364479468 30 55.287 25.287
1364480069 33 56.975 23.975
1364480670 30 58.550 28.550
1364481271 33 60.575 27.575
1364481872 33 62.600 29.600
1364482473 33 64.850 31.850
1364483075 33 66.875 33.875
1364483676 37 68.675 31.675
1364484278 37 70.812 33.812
1364484879 37 71.937 34.937
1364485480 37 71.825 34.825
1364486081 37 72.162 35.162
1364486682 37 74.750 37.750
1364487283 40 75.987 35.987
1364487884 40 75.875 35.875
1364488485 37 79.025 42.025
1364489086 40 79.587 39.587
1364489687 40 80.937 40.937
1364490288 40 82.850 42.850
1364490889 40 83.862 43.862
1364491490 40 82.737 42.737
1364492091 40 83.637 43.637
1364492692 44 84.425 40.425
1364493293 44 84.987 40.987
1364493894 44 85.887 41.887
1364494495 44 85.212 41.212
1364495096 46 87.350 41.350
1364495697 44 87.462 43.462
1364496298 46 89.937 43.937
1364496899 46 88.925 42.925
1364497501 46 85.100 39.100
1364498102 46 80.262 34.262
1364498703 48 77.337 29.337
1364499304 48 76.550 28.550
1364499905 48 77.112 29.112
1364500506 48 79.137 31.137
1364501107 48 82.400 34.400
1364501708 49 81.837 32.837
1364502309 48 83.187 35.187
1364502910 49 84.537 35.537
1364503511 49 85.550 36.550
1364504112 49 86.562 37.562
1364504713 49 85.662 36.662
1364505314 49 85.212 36.212
1364505915 49 85.325 36.325
1364506516 49 85.775 36.775
1364507117 50 88.025 38.025
1364507718 50 88.812 38.812
1364508319 50 87.237 37.237
1364508920 50 84.762 34.762
1364509521 50 81.612 31.612
1364510122 50 76.550 26.550
1364510723 50 71.375 21.375
1364511324 50 69.350 19.350
1364511925 50 65.525 15.525
1364512526 50 65.075 15.075
1364513127 50 63.162 13.162
1364513728 50 62.375 12.375
1364514330 49 62.712 13.712
1364514931 49 62.487 13.487
1364515532 49 62.150 13.150
1364516133 49 61.475 12.475
1364516734 49 61.025 12.025
1364517335 49 60.687 11.687
1364517936 49 60.237 11.237
1364518537 49 59.900 10.900
1364519138 47 59.562 12.562
1364519740 47 59.112 12.112
1364520341 47 58.775 11.775
1364520942 47 58.437 11.437
1364521543 43 58.212 15.212
1364522144 43 57.875 14.875
1364522745 43 57.650 14.650
1364523347 43 57.425 14.425
1364523948 43 57.312 14.312
1364524549 43 56.975 13.975
1364525150 41 56.975 15.975
1364525751 41 56.412 15.412
1364526352 41 56.525 15.525
1364526954 41 56.075 15.075
1364527555 41 55.737 14.737
1364528156 41 55.737 14.737
1364528757 41 55.737 14.737
1364529358 41 55.287 14.287
1364529959 41 54.950 13.950
1364530560 41 54.725 13.725
1364531162 41 54.837 13.837
1364531763 41 54.725 13.725
1364532364 40 54.500 14.500
1364532965 40 54.387 14.387
1364533566 40 54.275 14.275
1364534167 40 54.275 14.275
1364534768 40 53.937 13.937
1364535369 40 53.937 13.937
1364535971 35 53.825 18.825
1364536572 35 53.937 18.937
1364537173 35 53.712 18.712
1364537774 35 53.600 18.600
1364538375 35 53.600 18.600
1364538976 35 53.825 18.825
1364539577 35 53.825 18.825
1364540178 35 53.600 18.600
1364540780 35 53.262 18.262
1364541381 35 53.037 18.037
1364541982 35 53.150 18.150
1364542583 35 53.150 18.150
1364543184 35 53.262 18.262
1364543785 37 53.262 16.262
1364544386 37 53.150 16.150
1364544987 37 53.037 16.037
1364545588 37 52.925 15.925
1364546190 37 52.812 15.812
1364546791 35 52.587 17.587
1364547392 35 52.700 17.700
1364547993 35 52.587 17.587
1364548594 35 52.475 17.475
1364549195 35 52.812 17.812
1364549798 35 52.700 17.700
1364550399 35 52.700 17.700
1364551000 33 52.475 19.475
1364551601 33 52.362 19.362
1364552202 33 52.025 19.025
1364552804 33 51.912 18.912
1364553405 33 51.687 18.687
1364554006 32 52.250 20.250
1364554607 32 52.362 20.362
1364555208 32 52.250 20.250
1364555809 32 51.912 19.912
1364556410 32 51.462 19.462
1364557011 32 51.912 19.912
1364557612 31 52.137 21.137
1364558214 31 52.025 21.025
1364558815 31 51.687 20.687
1364559416 31 51.462 20.462
1364560017 31 51.687 20.687
1364560618 31 52.137 21.137
1364561219 29 52.362 23.362
1364561820 29 52.137 23.137
1364562421 29 52.475 23.475
1364563022 29 52.925 23.925
1364563624 29 53.262 24.262
1364564225 29 54.162 25.162
1364564826 32 55.062 23.062
1364565427 32 56.637 24.637
1364566028 32 58.550 26.550
1364566629 32 60.687 28.687
1364567230 37 62.825 25.825
1364567831 37 65.075 28.075
1364568432 37 67.212 30.212
1364569033 37 69.462 32.462
1364569634 37 71.825 34.825
1364570235 37 73.962 36.962
1364570836 42 76.325 34.325
1364571437 37 78.800 41.800
1364572038 42 81.162 39.162
1364572639 37 83.525 46.525
1364573240 42 85.887 43.887
1364573841 42 88.812 46.812
1364574443 42 92.300 50.300
1364575044 48 95.562 47.562
1364575645 48 97.925 49.925
1364576246 48 98.712 50.712
1364576847 48 98.825 50.825
1364577448 48 98.600 50.600
1364578049 48 99.162 51.162
1364578650 51 100.625 49.625
1364579251 51 101.075 50.075
1364579852 51 101.300 50.300
1364580453 51 100.737 49.737
1364581054 51 100.400 49.400
1364581655 51 100.062 49.062
1364582256 53 93.762 40.762
1364582857 53 95.787 42.787
1364583459 53 97.700 44.700
1364584060 53 91.287 38.287
1364584661 53 87.237 34.237
1364585262 54 85.887 31.887
1364585863 54 84.537 30.537
1364586464 54 85.212 31.212
1364587065 54 89.712 35.712
1364587666 55 92.075 37.075
1364588267 55 90.500 35.500
1364588868 55 91.850 36.850
1364589469 55 91.062 36.062
1364590070 55 90.275 35.275
1364590671 55 86.450 31.450
1364591272 55 86.450 31.450
1364591873 55 87.687 32.687
1364592474 56 87.575 31.575
1364593075 56 89.600 33.600
1364593676 56 91.175 35.175
1364594277 56 91.400 35.400
1364594878 56 89.262 33.262
1364595479 56 86.000 30.000
1364596080 56 84.537 28.537
1364596681 56 83.300 27.300
1364597282 56 81.950 25.950
1364597883 56 79.925 23.925
1364598484 56 77.337 21.337
1364599085 56 74.862 18.862
1364599686 55 72.837 17.837
1364600287 56 71.262 15.262
1364600888 55 70.250 15.250
1364601489 55 69.350 14.350
1364602090 52 68.225 16.225
1364602691 52 67.437 15.437
1364603292 55 66.762 11.762
1364603893 52 65.862 13.862
1364604494 52 65.187 13.187
1364605095 52 64.625 12.625
1364605697 45 64.062 19.062
1364606298 45 63.612 18.612
1364606899 45 63.162 18.162
1364607500 45 62.712 17.712
1364608101 45 62.262 17.262
1364608702 45 61.812 16.812
1364609303 41 61.362 20.362
1364609904 45 60.912 15.912
1364610505 41 60.462 19.462
1364611106 41 60.012 19.012
1364611707 41 59.675 18.675
1364612308 41 59.225 18.225
1364612909 41 58.887 17.887
1364613510 41 58.550 17.550
1364614111 40 58.550 18.550
1364614712 40 58.100 18.100
1364615313 40 58.325 18.325
1364615914 40 57.875 17.875
1364616515 40 57.762 17.762
1364617116 40 57.537 17.537
1364617717 40 57.537 17.537
1364618318 40 57.087 17.087
1364618919 38 57.312 19.312
1364619520 38 57.200 19.200
1364620122 38 56.862 18.862
1364620723 38 56.975 18.975
1364621324 38 56.637 18.637
1364621925 38 56.637 18.637
1364622526 38 56.525 18.525
1364623127 38 56.525 18.525
1364623728 38 56.187 18.187
1364624329 38 56.412 18.412
1364624930 38 56.075 18.075
1364625531 38 56.075 18.075
1364626132 38 55.850 17.850
1364626733 38 55.737 17.737
1364627334 40 55.850 15.850
1364627935 40 55.625 15.625
1364628536 38 55.400 17.400
1364629137 40 55.287 15.287
1364629738 38 55.400 17.400
1364630339 40 55.175 15.175
1364630941 39 55.062 16.062
1364631542 39 55.062 16.062
1364632143 39 55.062 16.062
1364632744 39 54.950 15.950
1364633345 39 54.950 15.950
1364633946 39 54.725 15.725
1364634547 39 54.725 15.725
1364635148 39 54.725 15.725
1364635749 39 54.612 15.612
1364636350 39 54.725 15.725
1364636951 39 54.500 15.500
1364637552 39 54.275 15.275
1364638153 39 54.387 15.387
1364638754 39 54.387 15.387
1364639355 39 54.387 15.387
1364639956 39 54.387 15.387
1364640557 39 54.050 15.050
1364641158 39 54.162 15.162
1364641759 39 54.162 15.162
1364642360 40 54.275 14.275
1364642961 40 54.387 14.387
1364643562 40 54.162 14.162
1364644163 40 53.937 13.937
1364644764 40 54.050 14.050
1364645365 40 54.162 14.162
1364645966 40 53.825 13.825
1364646567 40 54.162 14.162
1364647168 40 54.387 14.387
1364647769 40 54.500 14.500
1364648371 40 54.725 14.725
1364648972 40 54.950 14.950
1364649573 40 54.837 14.837
1364650174 41 55.062 14.062
1364650775 40 55.062 15.062
1364651376 40 55.175 15.175
1364651977 41 55.062 14.062
1364652578 42 55.287 13.287
1364653179 41 55.400 14.400
1364653780 42 55.512 13.512
1364654381 42 55.962 13.962
1364654982 42 56.750 14.750
1364655583 42 58.212 16.212
1364656184 44 58.550 14.550
1364656786 44 58.662 14.662
1364657387 44 58.887 14.887
1364657988 44 58.887 14.887
1364658589 44 58.437 14.437
1364659190 44 58.662 14.662
1364659791 48 59.450 11.450
1364660392 48 61.475 13.475
1364660993 44 64.400 20.400
1364661594 48 64.737 16.737
1364662195 48 63.837 15.837
1364662796 48 62.712 14.712
1364663397 48 61.812 13.812
1364663998 48 61.812 13.812
1364664599 51 62.262 11.262
1364665200 51 62.037 11.037
1364665801 51 61.137 10.137
1364666402 51 60.125 9.125
1364667003 51 59.225 8.225
1364667604 51 58.550 7.550
1364668205 51 58.325 7.325
1364668806 50 59.337 9.337
1364669407 50 60.012 10.012
1364670008 50 60.012 10.012
1364670609 50 59.900 9.900
1364671210 50 59.900 9.900
1364671811 50 60.350 10.350
1364672412 50 61.137 11.137
1364673013 50 61.587 11.587
1364673614 50 61.700 11.700
1364674215 50 61.250 11.250
1364674816 50 60.687 10.687
1364675417 51 59.450 8.450
1364676018 51 58.550 7.550
1364676620 50 58.100 8.100
1364677221 51 57.425 6.425
1364677822 51 57.200 6.200
1364678423 49 56.975 7.975
1364679024 51 56.637 5.637
1364679625 49 56.300 7.300
1364680226 49 56.187 7.187
1364680827 49 55.962 6.962
1364681428 48 55.737 7.737
1364682029 48 55.625 7.625
1364682631 48 55.737 7.737
1364683232 48 55.737 7.737
1364683833 48 55.737 7.737
1364684434 48 55.625 7.625
1364685035 48 55.400 7.400
1364685637 48 55.287 7.287
1364686238 47 55.287 8.287
1364686839 47 55.062 8.062
1364687440 47 55.062 8.062
1364688041 47 54.837 7.837
1364688642 47 54.837 7.837
1364689243 47 54.612 7.612
1364689844 47 54.612 7.612
1364690445 47 54.387 7.387
1364691046 47 54.275 7.275
1364691647 47 54.275 7.275
1364692248 47 54.162 7.162
1364692849 47 54.050 7.050
1364693450 46 53.937 7.937
1364694052 46 54.050 8.050
1364694653 46 53.825 7.825
1364695254 46 53.712 7.712
1364695855 45 53.600 8.600
1364696456 45 53.937 8.937
1364697057 46 53.712 7.712
1364697658 45 53.487 8.487
1364698259 45 53.712 8.712
1364698860 45 53.600 8.600
1364699461 47 53.375 6.375
1364700062 47 53.375 6.375
1364700663 47 53.600 6.600
1364701264 47 53.262 6.262
1364701865 47 53.487 6.487
1364702466 47 53.150 6.150
1364703067 47 53.375 6.375
1364703668 47 53.037 6.037
1364704269 47 53.150 6.150
1364704870 47 53.037 6.037
1364705471 46 53.262 7.262
1364706072 37 53.150 16.150
1364706673 37 52.700 15.700
1364707274 37 52.925 15.925
1364707875 37 52.475 15.475
1364708476 35 52.700 17.700
1364709077 35 52.812 17.812
1364709678 34 52.700 18.700
1364710279 34 52.250 18.250
1364710881 34 52.250 18.250
1364711482 34 52.362 18.362
1364712083 32 52.475 20.475
1364712684 32 52.362 20.362
1364713285 32 51.800 19.800
1364713886 32 51.912 19.912
1364714487 32 52.137 20.137
1364715088 32 52.250 20.250
1364715689 32 51.462 19.462
1364716290 32 51.462 19.462
1364716891 32 51.800 19.800
1364717492 32 51.912 19.912
1364718093 32 51.125 19.125
1364718694 32 51.575 19.575
1364719295 36 51.237 15.237
1364719896 36 51.575 15.575
1364720497 32 51.350 19.350
1364721098 36 51.575 15.575
1364721699 36 51.125 15.125
1364722300 36 51.575 15.575
1364722901 34 51.575 17.575
1364723502 34 51.125 17.125
1364724103 34 51.575 17.575
1364724704 34 50.450 16.450
1364725305 34 51.125 17.125
1364725906 34 51.125 17.125
1364726507 33 51.012 18.012
1364727108 33 51.125 18.125
1364727709 33 51.125 18.125
1364728310 33 51.350 18.350
1364728911 33 51.237 18.237
1364729512 33 51.012 18.012
1364730113 32 51.012 19.012
1364730714 32 51.012 19.012
1364731315 32 51.125 19.125
1364731916 32 51.125 19.125
1364732518 32 51.125 19.125
1364733119 32 51.350 19.350
1364733720 30 51.800 21.800
1364734321 32 52.025 20.025
1364734922 32 52.362 20.362
1364735523 36 52.025 16.025
1364736124 32 52.137 20.137
1364736725 39 52.250 13.250
1364737326 30 52.700 22.700
1364737927 36 52.812 16.812
1364738528 32 52.475 20.475
1364739129 37 52.812 15.812
1364739730 32 53.487 21.487
1364740331 32 53.712 21.712
1364740932 39 53.825 14.825
1364741533 37 53.825 16.825
1364742134 38 54.050 16.050
1364742735 36 54.387 18.387
1364743336 36 54.837 18.837
1364743937 36 55.737 19.737
1364744538 36 59.225 23.225
1364745139 37 61.025 24.025
1364745740 37 63.612 26.612
1364746341 37 65.750 28.750
1364746942 37 69.800 32.800
1364747543 37 75.087 38.087
1364748144 37 75.425 38.425
1364748746 37 72.162 35.162
1364749347 37 74.750 37.750
1364749948 43 77.675 34.675
1364750549 43 80.150 37.150
1364751150 37 80.375 43.375
1364751751 45 80.375 35.375
1364752352 45 79.475 34.475
1364752953 45 80.712 35.712
1364753554 45 79.925 34.925
1364754155 45 77.000 32.000
1364754756 46 79.362 33.362
1364755357 46 83.187 37.187
1364755958 47 81.612 34.612
1364756559 47 79.925 32.925
1364757160 51 78.800 27.800
1364757761 47 78.237 31.237
1364758362 51 78.012 27.012
1364758963 51 78.575 27.575
1364759564 51 79.475 28.475
1364760165 51 80.150 29.150
1364760766 51 80.037 29.037
1364761367 51 81.162 30.162
1364761968 50 82.962 32.962
1364762569 50 83.975 33.975
1364763170 51 84.987 33.987
1364763772 50 82.287 32.287
1364764373 50 77.675 27.675
1364764974 50 78.012 28.012
1364765575 45 76.662 31.662
1364766176 45 76.550 31.550
1364766777 45 79.137 34.137
1364767378 45 77.450 32.450
1364767979 45 77.225 32.225
1364768580 45 74.975 29.975
1364769181 45 71.600 26.600
1364769782 44 68.562 24.562
1364770383 44 68.787 24.787
1364770984 44 65.975 21.975
1364771585 44 63.837 19.837
1364772186 44 62.037 18.037
1364772787 44 60.687 16.687
1364773388 43 59.675 16.675
1364773989 43 58.775 15.775
1364774590 43 57.875 14.875
1364775191 40 57.650 17.650
1364775792 40 56.750 16.750
1364776393 43 56.637 13.637
1364776994 43 56.300 13.300
1364777595 40 55.850 15.850
1364778196 40 55.287 15.287
1364778797 38 55.400 17.400
1364779398 38 55.062 17.062
1364780000 38 54.500 16.500
1364780601 38 54.500 16.500
1364781202 38 54.500 16.500
1364781803 38 54.612 16.612
1364782404 38 54.050 16.050
1364783005 38 54.162 16.162
1364783606 36 53.712 17.712
1364784207 38 53.825 15.825
1364784808 36 54.162 18.162
1364785409 36 53.262 17.262
1364786010 36 53.375 17.375
1364786611 35 53.487 18.487
1364787212 35 53.712 18.712
1364787813 35 53.600 18.600
1364788414 35 53.487 18.487
1364789015 35 53.375 18.375
1364789616 32 53.262 21.262
1364790217 35 53.037 18.037
1364790818 32 53.037 21.037
1364791420 35 52.925 17.925
1364792021 32 52.925 20.925
1364792622 32 53.150 21.150
1364793223 32 53.037 21.037
1364793824 32 52.925 20.925
1364794425 31 52.362 21.362
1364795026 31 52.137 21.137
1364795627 31 52.925 21.925
1364796228 31 52.700 21.700
1364796829 30 52.025 22.025
1364797430 31 52.925 21.925
1364798031 30 52.250 22.250
1364798632 30 52.362 22.362
1364799233 30 52.587 22.587
1364799834 30 51.912 21.912
1364800435 28 52.587 24.587
1364801036 30 51.575 21.575
1364801637 28 52.700 24.700
1364802238 28 51.462 23.462
1364802839 28 52.475 24.475
1364803440 28 52.812 24.812
1364804041 27 51.912 24.912
1364804642 28 52.137 24.137
1364805243 27 52.587 25.587
1364805844 27 52.812 25.812
1364806445 27 52.925 25.925
1364807046 27 52.925 25.925
1364807647 26 52.925 26.925
1364808248 27 51.462 24.462
1364808849 26 52.137 26.137
1364809450 26 52.362 26.362
1364810052 26 52.362 26.362
1364810653 26 52.362 26.362
1364811254 26 52.362 26.362
1364811855 26 52.362 26.362
1364812456 26 52.250 26.250
1364813057 26 52.250 26.250
1364813658 26 52.137 26.137
1364814259 26 52.025 26.025
1364814860 25 51.912 26.912
1364815461 26 51.912 25.912
1364816062 26 51.912 25.912
1364816663 25 51.800 26.800
1364817264 25 51.800 26.800
1364817865 25 51.800 26.800
1364818466 25 51.800 26.800
1364819067 25 52.025 27.025
1364819669 25 52.250 27.250
1364820270 24 52.475 28.475
1364820871 24 52.025 28.025
1364821472 24 52.587 28.587
1364822073 24 52.025 28.025
1364822674 24 52.250 28.250
1364823275 24 53.262 29.262
1364823877 25 54.162 29.162
1364824478 25 55.512 30.512
1364825079 25 57.200 32.200
1364825680 25 57.987 32.987
1364826281 27 59.225 32.225
1364826882 27 56.862 29.862
1364827483 27 58.212 31.212
1364828084 27 60.575 33.575
1364828685 27 63.162 36.162
1364829286 27 65.637 38.637
1364829887 29 67.887 38.887
1364830488 29 70.925 41.925
1364831089 29 69.912 40.912
1364831690 29 73.850 44.850
1364832291 29 74.525 45.525
1364832892 30 79.587 49.587
1364833493 30 82.400 52.400
1364834094 30 84.200 54.200
1364834695 30 85.887 55.887
1364835296 30 85.662 55.662
1364835897 30 89.037 59.037
1364836499 30 89.712 59.712
1364837100 30 91.512 61.512
1364837701 32 91.625 59.625
1364838302 32 91.512 59.512
1364838903 32 92.637 60.637
1364839504 32 91.850 59.850
1364840105 34 91.512 57.512
1364840706 34 92.975 58.975
1364841307 34 94.212 60.212
1364841908 34 94.662 60.662
1364842509 34 90.837 56.837
1364843110 34 87.462 53.462
1364843711 34 82.962 48.962
1364844312 35 79.812 44.812
1364844913 35 79.362 44.362
1364845514 35 82.512 47.512
1364846115 35 85.100 50.100
1364846716 35 84.987 49.987
1364847317 35 83.750 48.750
1364847918 37 84.087 47.087
1364848519 37 83.637 46.637
1364849120 37 86.225 49.225
1364849721 37 87.350 50.350
1364850322 37 87.237 50.237
1364850923 37 86.562 49.562
1364851524 37 85.550 48.550
1364852125 37 87.462 50.462
1364852726 37 89.375 52.375
1364853327 37 90.162 53.162
1364853929 37 88.250 51.250
1364854530 37 84.087 47.087
1364855131 37 80.487 43.487
1364855732 37 78.012 41.012
1364856333 37 76.775 39.775
1364856934 37 74.187 37.187
1364857535 37 70.362 33.362
1364858136 37 66.650 29.650
1364858737 37 63.950 26.950
1364859338 37 61.925 24.925
1364859939 37 60.687 23.687
1364860540 37 59.900 22.900
1364861141 37 59.000 22.000
1364861742 37 58.550 21.550
1364862343 37 57.875 20.875
1364862944 34 56.862 22.862
1364863545 34 56.412 22.412
1364864146 34 56.187 22.187
1364864747 34 56.300 22.300
1364865348 34 56.300 22.300
1364865949 30 56.075 26.075
1364866550 30 55.175 25.175
1364867151 30 55.400 25.400
1364867752 30 55.400 25.400
1364868353 30 55.400 25.400
1364868954 30 55.287 25.287
1364869555 27 55.287 28.287
1364870156 27 55.062 28.062
1364870757 27 54.837 27.837
1364871358 27 54.500 27.500
1364871959 27 54.275 27.275
1364872560 27 54.050 27.050
1364873162 27 54.162 27.162
1364873763 27 54.387 27.387
1364874364 26 54.162 28.162
1364874965 26 53.600 27.600
1364875566 26 54.162 28.162
1364876167 26 54.162 28.162
1364876768 26 53.375 27.375
1364877369 25 54.387 29.387
1364877970 25 53.487 28.487
1364878571 25 54.162 29.162
1364879172 25 53.375 28.375
1364879773 25 54.162 29.162
1364880374 25 53.150 28.150
1364880975 25 53.712 28.712
1364881576 25 54.162 29.162
1364882177 25 52.812 27.812
1364882778 25 53.487 28.487
1364883379 25 53.937 28.937
1364883980 25 52.700 27.700
1364884581 25 53.375 28.375
1364885182 25 53.712 28.712
1364885783 25 53.937 28.937
1364886384 25 52.475 27.475
1364886985 25 53.150 28.150
1364887586 25 53.375 28.375
1364888187 23 53.600 30.600
1364888788 23 53.600 30.600
1364889389 23 53.600 30.600
1364889990 23 53.600 30.600
1364890591 23 53.600 30.600
1364891192 22 53.487 31.487
1364891793 23 53.487 30.487
1364892394 22 53.262 31.262
1364892995 22 53.262 31.262
1364893596 22 53.037 31.037
1364894197 21 52.925 31.925
1364894798 21 52.812 31.812
1364895399 21 52.700 31.700
1364896001 21 52.700 31.700
1364896602 21 52.587 31.587
1364897203 21 52.475 31.475
1364897804 21 52.362 31.362
1364898405 19 52.362 33.362
1364899006 19 52.250 33.250
1364899607 19 52.137 33.137
1364900208 19 52.137 33.137
1364900809 19 52.137 33.137
1364901410 19 52.025 33.025
1364902011 19 51.912 32.912
1364902612 19 51.800 32.800
1364903213 19 51.687 32.687
1364903814 19 51.800 32.800
1364904415 19 51.912 32.912
1364905016 19 51.800 32.800
1364905617 20 52.025 32.025
1364906218 20 52.250 32.250
1364906819 19 52.700 33.700
1364907420 20 53.037 33.037
1364908021 20 52.362 32.362
1364908623 20 53.262 33.262
1364909224 20 53.150 33.150
1364909825 20 53.375 33.375
1364910426 24 54.162 30.162
1364911027 24 55.512 31.512
1364911628 24 57.312 33.312
1364912229 24 59.112 35.112
1364912830 24 61.250 37.250
1364913431 24 63.162 39.162
1364914032 28 65.187 37.187
1364914633 28 67.325 39.325
1364915234 32 69.575 37.575
1364915835 28 72.050 44.050
1364916437 32 73.962 41.962
1364917038 32 76.325 44.325
1364917639 32 78.350 46.350
1364918240 32 80.825 48.825
1364918841 32 82.737 50.737
1364919442 35 85.550 50.550
1364920043 35 88.925 53.925
1364920644 35 92.075 57.075
1364921245 32 92.975 60.975
1364921846 35 94.100 59.100
1364922447 39 91.962 52.962
1364923048 35 91.287 56.287
1364923649 35 93.087 58.087
1364924250 35 93.200 58.200
1364924852 39 93.987 54.987
1364925453 39 92.412 53.412
1364926054 39 88.250 49.250
1364926655 39 84.987 45.987
1364927256 39 86.675 47.675
1364927857 39 92.637 53.637
1364928458 39 91.287 52.287
1364929059 38 88.025 50.025
1364929660 38 87.125 49.125
1364930261 38 80.487 42.487
1364930862 38 77.562 39.562
1364931464 38 78.575 40.575
1364932065 41 82.512 41.512
1364932666 41 85.662 44.662
1364933267 41 84.425 43.425
1364933868 41 84.875 43.875
1364934469 41 85.437 44.437
1364935070 41 86.112 45.112
1364935671 41 88.250 47.250
1364936272 41 85.437 44.437
1364936873 41 86.337 45.337
1364937474 41 87.462 46.462
1364938075 40 89.150 49.150
1364938676 40 90.050 50.050
1364939277 40 89.487 49.487
1364939878 40 88.812 48.812
1364940479 41 87.237 46.237
1364941080 40 83.637 43.637
1364941681 40 78.012 38.012
1364942282 40 74.187 34.187
1364942884 40 73.625 33.625
1364943485 41 71.825 30.825
1364944086 40 68.787 28.787
1364944687 41 66.425 25.425
1364945288 41 64.400 23.400
1364945889 40 62.937 22.937
1364946490 40 61.925 21.925
1364947091 40 61.025 21.025
1364947692 40 60.237 20.237
1364948293 38 59.225 21.225
1364948894 40 58.775 18.775
1364949495 38 58.100 20.100
1364950096 40 57.537 17.537
1364950697 38 57.312 19.312
1364951298 38 57.087 19.087
1364951899 38 56.862 18.862
1364952500 38 56.637 18.637
1364953101 32 56.300 24.300
1364953703 32 56.300 24.300
1364954304 32 55.850 23.850
1364954905 29 55.962 26.962
1364955506 29 55.850 26.850
1364956108 29 55.287 26.287
1364956709 29 55.287 26.287
1364957310 29 55.175 26.175
1364957911 29 55.287 26.287
1364958512 29 55.287 26.287
1364959113 29 55.175 26.175
1364959714 30 55.062 25.062
1364960315 30 54.950 24.950
1364960916 30 54.725 24.725
1364961517 30 54.387 24.387
1364962118 30 54.050 24.050
1364962719 30 54.162 24.162
1364963320 30 54.612 24.612
1364963921 29 54.500 25.500
1364964522 29 53.825 24.825
1364965123 29 54.050 25.050
1364965724 29 54.387 25.387
1364966325 29 53.600 24.600
1364966926 29 54.387 25.387
1364967527 29 53.600 24.600
1364968128 29 54.387 25.387
1364968729 29 53.375 24.375
1364969330 27 54.050 27.050
1364969931 27 54.500 27.500
1364970532 27 53.375 26.375
1364971133 27 54.162 27.162
1364971734 27 54.387 27.387
1364972335 27 53.150 26.150
1364972937 27 53.487 26.487
1364973538 27 53.937 26.937
1364974139 27 54.050 27.050
1364974740 27 54.050 27.050
1364975341 27 54.050 27.050
1364975942 27 54.050 27.050
1364976543 27 54.050 27.050
1364977144 24 54.050 30.050
1364977745 24 53.937 29.937
1364978346 24 53.825 29.825
1364978947 24 53.825 29.825
1364979548 24 53.712 29.712
1364980149 24 53.487 29.487
1364980750 24 53.487 29.487
1364981351 24 53.375 29.375
1364981952 24 53.262 29.262
1364982553 24 53.262 29.262
1364983154 24 53.150 29.150
1364983755 24 52.925 28.925
1364984356 24 52.925 28.925
1364984957 24 52.812 28.812
1364985558 20 52.700 32.700
1364986159 20 52.700 32.700
1364986760 20 52.475 32.475
1364987361 20 52.475 32.475
1364987962 20 52.362 32.362
1364988563 20 52.250 32.250
1364989164 20 52.250 32.250
1364989765 20 52.362 32.362
1364990366 20 52.362 32.362
1364990967 20 52.587 32.587
1364991570 20 52.812 32.812
1364992171 20 53.150 33.150
1364992772 20 52.587 32.587
1364993373 20 53.262 33.262
1364993974 20 52.700 32.700
1364994576 24 52.812 28.812
1364995177 24 53.037 29.037
1364995778 24 53.825 29.825
1364996379 20 54.387 34.387
1364996980 24 54.837 30.837
1364997581 24 56.300 32.300
1364998182 24 57.875 33.875
1364998783 30 59.562 29.562
1364999384 24 61.250 37.250
1364999985  62.937 
1365000586 30 64.625 34.625
1365001187 30 66.200 36.200
1365001788 34 67.325 33.325
1365002389 34 68.450 34.450
1365002990 30 70.362 40.362
1365003591 34 71.487 37.487
1365004193 34 72.950 38.950
1365004794 34 75.312 41.312
1365005395 34 77.450 43.450
1365005996 36 79.700 43.700
1365006597 36 82.400 46.400
1365007198 36 84.987 48.987
1365007799 36 86.337 50.337
1365008400 36 87.012 51.012
1365009001 36 87.125 51.125
1365009602 36 87.575 51.575
1365010203 39 88.587 49.587
1365010804 39 90.162 51.162
1365011405 39 90.387 51.387
1365012006 39 90.050 51.050
1365012607 39 90.275 51.275
1365013208 39 90.500 51.500
1365013809 42 91.625 49.625
1365014410 42 91.962 49.962
1365015011 42 90.725 48.725
1365015612 42 89.150 47.150
1365016213 43 87.462 44.462
1365016814 42 86.562 44.562
1365017415 43 84.312 41.312
1365018016 43 84.087 41.087
1365018617 43 85.550 42.550
1365019218 43 85.775 42.775
1365019819 43 85.887 42.887
1365020420 43 85.100 42.100
1365021021 43 85.887 42.887
1365021622 44 85.887 41.887
1365022223 44 86.900 42.900
1365022824 44 86.450 42.450
1365023425 44 85.325 41.325
1365024026 44 84.537 40.537
1365024627 45 84.200 39.200
1365025229 45 83.750 38.750
1365025830 45 82.287 37.287
1365026431 45 80.600 35.600
1365027032 45 77.787 32.787
1365027633 45 74.637 29.637
1365028234 46 72.162 26.162
1365028835 46 70.812 24.812
1365029436 46 70.475 24.475
1365030037 46 69.575 23.575
1365030638 46 68.112 22.112
1365031239 46 67.100 21.100
1365031840 47 65.975 18.975
1365032441 47 64.850 17.850
1365033042 47 63.950 16.950
1365033643 47 63.162 16.162
1365034244 47 62.262 15.262
1365034845 47 61.250 14.250
1365035446 47 60.462 13.462
1365036047 45 59.675 14.675
1365036648 47 59.000 12.000
1365037249 45 58.100 13.100
1365037850 41 57.537 16.537
1365038451 41 57.200 16.200
1365039052 41 57.087 16.087
1365039653 41 56.525 15.525
1365040254 41 56.412 15.412
1365040855 41 56.300 15.300
1365041456 41 56.187 15.187
1365042057 37 55.737 18.737
1365042658 41 55.287 14.287
1365043259 37 55.287 18.287
1365043860 37 55.400 18.400
1365044461 37 55.400 18.400
1365045062 31 54.500 23.500
1365045664 31 54.500 23.500
1365046265 31 54.837 23.837
1365046866 31 54.837 23.837
1365047467 31 54.837 23.837
1365048068 31 54.837 23.837
1365048669 31 54.837 23.837
1365049270 32 53.375 21.375
1365049871 31 54.500 23.500
1365050472 32 53.150 21.150
1365051073 32 54.275 22.275
1365051674 32 54.387 22.387
1365052275 32 54.050 22.050
1365052876 0 53.712 0
1365053477 0 54.050 0
1365054078 0 54.387 0
1365054678 0 53.937 0
1365055279 0 53.375 0
1365055880 0 53.937 0
1365056481 0 53.937 0
1365057082 0 53.150 0
1365057683 0 54.050 0
1365058284 0 53.487 0
1365058884 0 53.487 0
1365059485 0 53.712 0
1365060086 0 52.925 0
1365060687 0 53.825 0
1365061298 0 52.925 0
1365061899 0 53.825 0
1365062504 0 53.150 0
1365063115 0 52.587 0
1365063716 0 53.712 0
1365064317 0 52.925 0
1365064918 0 53.262 0
1365065519 0 53.375 0
1365066119 0 52.587 0
1365066720 0 53.487 0
1365067321 0 52.925 0
1365067922 0 52.700 0
1365068523 0 53.150 0
1365069124 0 52.700 0
1365069724 0 52.812 0
1365070325 0 53.037 0
1365070926 0 52.250 0
1365071527 0 53.375 0
1365072128 0 52.250 0
1365072729 0 53.150 0
1365073330 0 52.137 0
1365073930 0 53.037 0
1365074531 0 53.262 0
1365075132 0 52.137 0
1365075733 0 52.925 0
1365076334 0 53.262 0
1365076935 0 51.912 0
1365077535 0 52.925 0
1365078136 0 52.362 0
1365078737 0 53.037 0
1365079338 0 52.587 0
1365079939 0 52.362 0
1365080540 0 51.912 0
1365081140 0 52.812 0
1365081741 0 53.150 0
1365082342 0 54.275 0
1365082943 0 55.287 0
1365083544 0 57.087 0
1365084145 0 59.112 0
1365084745 0 61.025 0
1365085346 0 63.162 0
1365085947 0 65.187 0
1365086548 0 67.212 0
1365087149 0 69.350 0
1365087750 0 71.487 0
1365088350 0 73.737 0
1365088951 0 76.100 0
1365089552 0 78.237 0
1365090153 0 80.375 0
1365090754 0 82.625 0
1365091355 0 84.762 0
1365091956 0 87.012 0
1365092556 0 89.825 0
1365093157 0 93.200 0
1365093758 0 96.012 0
1365094359 0 97.700 0
1365094960 0 98.712 0
1365095561 0 99.725 0
1365096161 0 100.737 0
1365096762 0 101.750 0
1365097363 0 102.537 0
1365097964 0 102.312 0
1365098565 0 102.087 0
1365099166 0 103.100 0
1365099766 0 105.912 0
1365100367 0 108.837 0
1365100968 0 110.412 0
1365101569 0 110.075 0
1365102170 0 106.137 0
1365102771 0 103.887 0
1365103371 0 99.950 0
1365103972 0 97.475 0
1365104573 0 100.400 0
1365105174 0 104.000 0
1365105775 0 102.762 0
1365106376 0 100.062 0
1365106977 0 98.262 0
1365107577 0 93.425 0
1365108178 0 88.587 0
1365108779 0 84.087 0
1365109380 0 82.062 0
1365109981 0 81.387 0
1365110582 0 80.712 0
1365111182 0 83.750 0
1365111783 0 86.675 0
1365112384 0 83.300 0
1365112985 0 80.262 0
1365113586 0 79.362 0
1365114187 0 80.150 0
1365114787 0 79.587 0
1365115388 0 79.137 0
1365115989 0 78.575 0
1365116590 0 76.887 0
1365117191 0 74.862 0
1365117792 0 73.175 0
1365118392 0 71.712 0
1365118993 0 70.587 0
1365119594 0 69.687 0
1365120195 0 68.900 0
1365120796 0 68.112 0
1365121397 0 67.100 0
