1382447194 34 46.062 12.062
1382448095 35 45.950 10.950
1382448996 34  -34
1382449897 34  -34
1382450797 34  -34
1382451697 33  -33
1382452598 33  -33
1382453498 33  -33
1382454399 33  -33
1382455299 34  -34
1382456199 34  -34
1382457100 34 46.062 12.062
1382458001 34 46.175 12.175
1382458902 33 46.287 13.287
1382459803 33 46.512 13.512
1382460704 33 46.737 13.737
1382461605 33 47.637 14.637
1382462508 34 47.300 13.300
1382463409 36 47.637 11.637
1382464310 36 47.525 11.525
1382465211 35 47.525 12.525
1382466113 35 48.875 13.875
1382467014 35 49.662 14.662
1382467916 35 49.100 14.100
1382468817 35 49.887 14.887
1382469718 36 50.562 14.562
1382470619 36 49.662 13.662
1382471520 36 48.875 12.875
1382472421 37 49.550 12.550
1382473322 37 49.550 12.550
1382474223 37 48.650 11.650
1382475124 37 47.975 10.975
1382476025 37 47.525 10.525
1382476926 38 47.750 9.750
1382477828 38 47.300 9.300
1382478729 38 47.075 9.075
1382479630 38 47.075 9.075
1382480531 38 46.850 8.850
1382481433 38 46.737 8.737
1382482334 37 46.512 9.512
1382483235 37 46.287 9.287
1382484136 37 46.062 9.062
1382485037 37 45.837 8.837
1382485938 37 45.612 8.612
1382486839 36 45.612 9.612
1382487740 36 45.500 9.500
1382488641 36  -36
1382489542 36  -36
1382490442 36  -36
1382491343 36  -36
1382492244 36  -36
1382493144 36  -36
1382494045 35  -35
1382494946 35 45.050 10.050
1382495847 35 44.937 9.937
1382496748 35 44.937 9.937
1382497650 35 44.712 9.712
1382498552 36 44.712 8.712
1382499453 36 44.600 8.600
1382500355 36 44.262 8.262
1382501256 33 44.037 11.037
1382502157 33 43.812 10.812
1382503058 33 43.700 10.700
1382503960 33 43.587 10.587
1382504861 31 43.250 12.250
1382505762  43.250 
1382506662  43.250 
1382507563  43.025 
1382508464  43.250 
1382509370  43.250 
1382510271 30 43.250 13.250
1382511172 30 43.362 13.362
1382512073 32 43.475 11.475
1382512974 32 43.587 11.587
1382513876 32 43.587 11.587
1382514777 32 43.700 11.700
1382515678 32 43.812 11.812
1382516579 32 43.812 11.812
1382517480 32 43.925 11.925
1382518381 32 43.925 11.925
1382519282 33 43.700 10.700
1382520183 33 43.587 10.587
1382521084 33 43.137 10.137
1382521985 33 43.025 10.025
1382522886 32 43.025 11.025
1382523787 32 42.912 10.912
1382524690 32 42.687 10.687
1382525591 32 42.575 10.575
1382526492 29 42.350 13.350
1382527393 29 42.237 13.237
1382528294 29 42.237 13.237
1382529195 29 42.012 13.012
1382530096 29 42.125 13.125
1382530997 27 41.900 14.900
1382531898 27 42.012 15.012
1382532799 27 42.125 15.125
1382533700 27 42.687 15.687
1382534602 27 46.062 19.062
1382535503 27 49.550 22.550
1382536404 27 47.412 20.412
1382537305 27 47.862 20.862
1382538206 32 55.625 23.625
1382539108 32 61.362 29.362
1382540009 32 65.412 33.412
1382540910 36 70.137 34.137
1382541811 36 72.162 36.162
1382542718 36 70.250 34.250
1382543620 36 67.212 31.212
1382544521 36 66.762 30.762
1382545423 39 67.100 28.100
1382546324 39 67.212 28.212
1382547225 39 54.387 15.387
1382548126 39 52.475 13.475
1382549027 40 54.050 14.050
1382549928 40 54.162 14.162
1382550829 40 53.375 13.375
1382551731 40 52.700 12.700
1382552632 42 52.025 10.025
1382553533 42 50.900 8.900
1382554434 42 50.337 8.337
1382555335 41 50.337 9.337
1382556236 41 52.137 11.137
1382557137 41 52.362 11.362
1382558038 41 51.575 10.575
1382558939 41 51.462 10.462
1382559841 42 51.237 9.237
1382560742 42  -42
1382561642 42 50.787 8.787
1382562545 41 49.437 8.437
1382563446 41 48.312 7.312
1382564347 41 48.312 7.312
1382565248 41 47.750 6.750
1382566149 41 47.525 6.525
1382567050 39 47.300 8.300
1382567951 39 46.512 7.512
1382568852 39 46.062 7.062
1382569754 37 46.062 9.062
1382570655 37 46.062 9.062
1382571556 37 46.175 9.175
1382572458 37 46.062 9.062
1382573359 37 45.950 8.950
1382574261 37 45.837 8.837
1382575162 37 45.612 8.612
1382576063 37 45.837 8.837
1382576964 37 45.837 8.837
1382577865 37 45.725 8.725
1382578766 37 45.725 8.725
1382579667 37 45.612 8.612
1382580568 36 45.500 9.500
1382581469 36 45.500 9.500
1382582370 36 45.612 9.612
1382583271 36 45.387 9.387
1382584172 37 45.050 8.050
1382585074 37 44.712 7.712
1382585975 37 44.600 7.600
1382586876 37 44.375 7.375
1382587778 37 44.037 7.037
1382588680 36 44.262 8.262
1382589581 36 44.262 8.262
1382590482 36 44.375 8.375
1382591383 35 44.375 9.375
1382592284 35 44.262 9.262
1382593185 35 44.262 9.262
1382594086 35 44.150 9.150
1382594987 35 44.150 9.150
1382595888 35 44.262 9.262
1382596789 35 44.150 9.150
1382597690 35 44.037 9.037
1382598591 33 44.037 11.037
1382599492 33 44.037 11.037
1382600394 33 43.925 10.925
1382601295 33 43.925 10.925
1382602196 33 43.812 10.812
1382603097 33 43.700 10.700
1382603998 33 43.700 10.700
1382604899 33 43.700 10.700
1382605801 33 43.587 10.587
1382606702 33 43.475 10.475
1382607603 33 43.475 10.475
1382608504 33 43.475 10.475
1382609405 33 43.475 10.475
1382610306 33 43.362 10.362
1382611208 33 43.250 10.250
1382612110 33 43.250 10.250
1382613011 33 43.250 10.250
1382613913 33 43.137 10.137
1382614814 33 43.137 10.137
1382615716 33 43.025 10.025
1382616617 32 43.025 11.025
1382617518 32 43.137 11.137
1382618419 32 43.025 11.025
1382619320 32 43.250 11.250
1382620221 32 43.475 11.475
1382621122 32 43.700 11.700
1382622025 32 44.150 12.150
1382622926 32 44.937 12.937
1382623827 34 44.375 10.375
1382624728 34 44.487 10.487
1382625630 34 45.162 11.162
1382626531 34 45.837 11.837
1382627432 34 46.175 12.175
1382628333 34 46.512 12.512
1382629234 34  -34
1382630134 34 49.325 15.325
1382631035 36 49.212 13.212
1382631936  50.225 
1382632877  49.325 
1382633818  50.112 
1382634759  49.437 
1382635700  49.100 
1382636640  49.325 
1382637581  48.875 
1382638522  48.987 
1382639463  48.987 
1382640404  48.762 
1382641345  48.200 
1382642286  48.312 
1382643227  48.650 
1382644167  50.112 
1382645108  50.787 
1382646049  50.900 
1382646990  50.900 
1382647931  50.225 
1382648872  49.550 
1382649813  49.212 
1382650753  48.875 
1382651694  48.425 
1382652635  47.975 
1382653576  47.412 
1382654517  47.075 
1382655458  46.850 
1382656399  46.512 
1382657339  46.062 
1382658280  45.387 
1382659221  44.825 
1382660162  44.375 
1382661103  44.037 
1382662044  43.700 
1382662985  43.475 
1382663926  43.137 
1382664867  43.025 
1382665807  42.687 
1382666748  42.462 
1382667689  42.462 
1382668630  42.125 
1382669571 31 42.012 11.012
1382670472 30 42.012 12.012
1382671373 30 41.675 11.675
1382672275 30 41.675 11.675
1382673176 30 41.562 11.562
1382674079 28 41.225 13.225
1382674980 28 41.225 13.225
1382675881 28 41.225 13.225
1382676782 28 41.112 13.112
1382677685 26 40.887 14.887
1382678586 26 40.662 14.662
1382679487 26 40.662 14.662
1382680390 26 40.662 14.662
1382681291 26 40.662 14.662
1382682192 28 40.550 12.550
1382683093 28 40.550 12.550
1382683994 28 40.550 12.550
1382684895 28 40.325 12.325
1382685797 28 40.100 12.100
1382686698 28 40.550 12.550
1382687599 28 40.662 12.662
1382688500 28 41.000 13.000
1382689401 28 40.887 12.887
1382690303 28 41.000 13.000
1382691205 28 40.437 12.437
1382692106 27 40.437 13.437
1382693007 27 40.437 13.437
1382693908 27 40.325 13.325
1382694809 27 40.100 13.100
1382695710 27 40.212 13.212
1382696611 27 39.875 12.875
1382697513 27 39.875 12.875
1382698414 27 39.987 12.987
1382699315 25 39.537 14.537
1382700216 25 39.537 14.537
1382701118 25 39.425 14.425
1382702019 25 39.425 14.425
1382702920 25 39.425 14.425
1382703822 27 39.425 12.425
1382704723 27 39.537 12.537
1382705624 27 39.650 12.650
1382706525 25 40.325 15.325
1382707427 25 44.825 19.825
1382708329 25 47.862 22.862
1382709230 25 47.975 22.975
1382710131 25 49.100 24.100
1382711032 30 55.962 25.962
1382711933 30 61.025 31.025
1382712834 30 64.625 34.625
1382713736 37 69.012 32.012
1382714637 37 71.375 34.375
1382715538 37 70.812 33.812
1382716439 37 71.600 34.600
1382717341 37 69.462 32.462
1382718242 45 70.812 25.812
1382719143 45 71.712 26.712
1382720045 45 61.362 16.362
1382720947 49 55.287 6.287
1382721848 49 53.150 4.150
1382722749 49 52.250 3.250
1382723650 49 51.912 2.912
1382724552 49 51.800 2.800
1382725455 50 51.687 1.687
1382726356 50 52.137 2.137
1382727258 50 52.137 2.137
1382728159 52 52.137 .137
1382729060 52 52.250 .250
1382729961 52 53.375 1.375
1382730862 52 54.612 2.612
1382731763 54 54.162 .162
1382732664 54 53.600 -.400
1382733565 54 53.825 -.175
1382734467 54 54.500 .500
1382735368 53 55.962 2.962
1382736269 53 56.300 3.300
1382737170 53 56.412 3.412
1382738071 53 55.400 2.400
1382738972 53 54.837 1.837
1382739873 53 54.162 1.162
1382740774 53 53.037 .037
1382741675 53 51.687 -1.313
1382742577 50 50.675 .675
1382743478 50 49.887 -.113
1382744379 50 49.550 -.450
1382745280 50 49.212 -.788
1382746181 47 48.875 1.875
1382747082 47 48.650 1.650
1382747984 47 48.537 1.537
1382748885 47 48.425 1.425
1382749787 47 48.200 1.200
1382750688 47 48.312 1.312
1382751589 47 48.087 1.087
1382752490 47 48.087 1.087
1382753391 46 47.975 1.975
1382754292 46 47.862 1.862
1382755193 46 47.637 1.637
1382756094 46 47.412 1.412
1382756995 45 47.300 2.300
1382757896 45 47.187 2.187
1382758797 45 47.187 2.187
1382759698 45 46.962 1.962
1382760600 44 47.075 3.075
1382761502 44 47.075 3.075
1382762403 44 46.850 2.850
1382763304 44 46.737 2.737
1382764206 43 46.400 3.400
1382765107 43 46.400 3.400
1382766008 43 46.400 3.400
1382766910 43 46.175 3.175
1382767811 42 46.062 4.062
1382768712 42 46.287 4.287
1382769613 42 46.175 4.175
1382770514 42 46.062 4.062
1382771415 42 46.175 4.175
1382772316 42 46.062 4.062
1382773217 42 45.950 3.950
1382774118 42 46.062 4.062
1382775019 42 46.175 4.175
1382775921 42 46.175 4.175
1382776822 42 46.062 4.062
1382777723 42 45.950 3.950
1382778624 42 46.062 4.062
1382779525 42 45.950 3.950
1382780426 42 46.062 4.062
1382781327 42 46.062 4.062
1382782228 43 46.062 3.062
1382783129 43 46.062 3.062
1382784030 43 45.837 2.837
1382784931 43 45.837 2.837
1382785833 43 45.725 2.725
1382786734 42 45.725 3.725
1382787635 42 45.725 3.725
1382788536 42 45.387 3.387
1382789437 41 45.612 4.612
1382790338 41 45.725 4.725
1382791239 41 45.837 4.837
1382792140 41 46.062 5.062
1382793042 41 46.625 5.625
1382793943 41 51.237 10.237
1382794844 41 55.287 14.287
1382795745 41 51.800 10.800
1382796646 44 51.575 7.575
1382797548 44 52.250 8.250
1382798449 44 51.687 7.687
1382799350 44 52.475 8.475
1382800251 44 55.062 11.062
1382801152 44 59.337 15.337
1382802054 44 55.625 11.625
1382802955 44 57.200 13.200
1382803856 44 59.787 15.787
1382804757 44 64.400 20.400
1382805658 44 56.412 12.412
1382806560 44 54.950 10.950
1382807462 44 54.950 10.950
1382808363 46 54.725 8.725
1382809264 46 52.025 6.025
1382810165 46 51.125 5.125
1382811066 49 50.787 1.787
1382811967 49 50.787 1.787
1382812868 49 50.787 1.787
1382813769 49 51.125 2.125
1382814670 49 51.687 2.687
1382815571 50 51.800 1.800
1382816472 50 52.250 2.250
1382817374 50 52.587 2.587
1382818275 51 52.137 1.137
1382819176 51 52.025 1.025
1382820077 51 52.362 1.362
1382820978 51 52.587 1.587
1382821879 51 53.262 2.262
1382822780 51 54.387 3.387
1382823681 51 54.612 3.612
1382824582 51 54.275 3.275
1382825483 50 53.937 3.937
1382826385 50 53.375 3.375
1382827286 50 51.912 1.912
1382828187 50 50.562 .562
1382829088 50 49.437 -.563
1382829990 46 48.762 2.762
1382830891 46 48.425 2.425
1382831792 46 47.975 1.975
1382832694 40 47.525 7.525
1382833595 40 47.300 7.300
1382834496 40 46.962 6.962
1382835397 40 46.400 6.400
1382836298 38 46.287 8.287
1382837199 38 46.062 8.062
1382838100 38 45.837 7.837
1382839002 38 45.500 7.500
1382839903 35 45.387 10.387
1382840804 35 45.275 10.275
1382841705 35 45.162 10.162
1382842606 35 45.050 10.050
1382843508 32 45.050 13.050
1382844409 32 44.825 12.825
1382845310 32 44.937 12.937
1382846211 32 44.937 12.937
1382847112 31 44.825 13.825
1382848013 31 44.825 13.825
1382848914 31 44.712 13.712
1382849822 31 44.712 13.712
1382850724 30 44.600 14.600
1382851625 30 44.487 14.487
1382852526 30 44.150 14.150
1382853428 30 43.925 13.925
1382854329 31 43.587 12.587
1382855230 31 43.475 12.475
1382856133 31 43.475 12.475
1382857034 31 43.137 12.137
1382857935 31 42.912 11.912
1382858836 31 42.912 11.912
1382859738 31 42.687 11.687
1382860639 31 42.350 11.350
1382861540 28 42.687 14.687
1382862442 28 42.237 14.237
1382863343 28 42.350 14.350
1382864244 28 42.012 14.012
1382865145 28 42.125 14.125
1382866046 28 41.675 13.675
1382866947 28 41.900 13.900
1382867849 28 41.675 13.675
1382868750 27 41.675 14.675
1382869652 27 41.675 14.675
1382870553 27 41.450 14.450
1382871454 27 41.450 14.450
1382872355 27 41.337 14.337
1382873256 27 41.225 14.225
1382874157 27 41.112 14.112
1382875058 27 41.112 14.112
1382875959 27 41.112 14.112
1382876860 26 40.887 14.887
1382877762 26 41.000 15.000
1382878663 26 41.225 15.225
1382879564 23 41.900 18.900
1382880465 23 46.287 23.287
1382881367 23 51.350 28.350
1382882268 23 50.450 27.450
1382883169 29 52.362 23.362
1382884070 29 60.575 31.575
1382884971 29 62.262 33.262
1382885873 29 66.200 37.200
1382886774 40 70.362 30.362
1382887675 40 73.062 33.062
1382888576 40 72.950 32.950
1382889479 40 72.050 32.050
1382890380 45 70.587 25.587
1382891282 45 74.862 29.862
1382892183 45 73.962 28.962
1382893084 45 62.150 17.150
1382893987 49 57.762 8.762
1382894888 49 56.750 7.750
1382895789 49 55.512 6.512
1382896690 49 54.500 5.500
1382897591 52 54.275 2.275
1382898492 52 54.162 2.162
1382899393 52 54.050 2.050
1382900295 52 54.162 2.162
1382901196 54 54.275 .275
1382902097 54 54.387 .387
1382902998 54 54.500 .500
1382903899 54 55.175 1.175
1382904800 57 55.287 -1.713
1382905702 57 55.175 -1.825
1382906603 57 55.962 -1.038
1382907504 57 56.412 -.588
1382908405 57 56.975 -.025
1382909306 57 57.650 .650
1382910209 57 58.100 1.100
1382911110 57 57.987 .987
1382912011 57 57.537 .537
1382912912 57 57.087 .087
1382913813 57 55.962 -1.038
1382914714 57 54.500 -2.500
1382915615 53 53.262 .262
1382916517 53 52.250 -.750
1382917418 53 51.687 -1.313
1382918321 53 51.125 -1.875
1382919222 50 51.125 1.125
1382920123 50 50.787 .787
1382921024 50 50.225 .225
1382921925 50 49.775 -.225
1382922826 47 49.212 2.212
1382923728 47 48.762 1.762
1382924629 47 48.425 1.425
1382925532 47 48.087 1.087
1382926433 43 47.862 4.862
1382927334 43 47.637 4.637
1382928235 43 47.412 4.412
1382929137 43 47.075 4.075
1382930038 41 46.962 5.962
1382930939 41 46.850 5.850
1382931840 41 46.737 5.737
1382932741 41 46.625 5.625
1382933642 40 46.512 6.512
1382934543 40 46.512 6.512
1382935444 40 46.062 6.062
1382936346 40 46.062 6.062
1382937247 41 46.062 5.062
1382938149 41 45.950 4.950
1382939050 41 45.950 4.950
1382939951 41 45.950 4.950
1382940853 40 45.837 5.837
1382941755 40 45.725 5.725
1382942656 40 45.612 5.612
1382943557 40 45.500 5.500
1382944458 37 45.275 8.275
1382945359 37 45.275 8.275
1382946260 37 45.162 8.162
1382947161 37 45.050 8.050
1382948062 37 44.937 7.937
1382948963 37 44.825 7.825
1382949864 37 44.712 7.712
1382950765 37 45.275 8.275
1382951666 35 45.612 10.612
1382952569 35 45.500 10.500
1382953470 35 45.275 10.275
1382954371 35 45.162 10.162
1382955272 35 45.275 10.275
1382956173 35 45.387 10.387
1382957074 35 45.500 10.500
1382957975 35 45.387 10.387
1382958877 36 45.275 9.275
1382959778 36 45.275 9.275
1382960679 36 45.162 9.162
1382961580 36 45.387 9.387
1382962481 37 45.275 8.275
1382963382 37 45.162 8.162
1382964284 37 45.387 8.387
1382965186 37 45.725 8.725
1382966087 36 47.075 11.075
1382966989 36 49.887 13.887
1382967890 36 50.225 14.225
1382968791 36 50.450 14.450
1382969692 39 52.475 13.475
1382970593 39 54.612 15.612
1382971494 39 57.087 18.087
1382972395 39 54.612 15.612
1382973297 43 56.750 13.750
1382974198 43 57.650 14.650
1382975100 43 63.387 20.387
1382976001 43 68.787 25.787
1382976902 46 68.900 22.900
1382977803 46 68.562 22.562
1382978704 46 72.500 26.500
1382979605 46 64.400 18.400
1382980507 49 59.450 10.450
1382981408 49 57.425 8.425
1382982309 49 56.750 7.750
1382983210 49 56.300 7.300
1382984111 52 55.962 3.962
1382985013 52 55.850 3.850
1382985914 52 55.400 3.400
1382986815 52 54.950 2.950
1382987716 53 54.950 1.950
1382988617 53 54.950 1.950
1382989518 53 55.062 2.062
1382990420 53 55.175 2.175
1382991321 55 55.512 .512
1382992222 55 55.287 .287
1382993123 55 55.625 .625
1382994024 55 55.625 .625
1382994925 55 55.737 .737
1382995827 55 55.850 .850
1382996728 55 55.175 .175
1382997629 55 54.612 -.388
1382998530 54 53.600 -.400
1382999431 54 52.475 -1.525
1383000332 54 51.350 -2.650
1383001233 54 50.562 -3.438
1383002134 48 49.887 1.887
1383003035 48 49.550 1.550
1383003937 48 49.325 1.325
1383004838 48 49.100 1.100
1383005739 45 48.875 3.875
1383006640 45 48.762 3.762
1383007541 45 48.537 3.537
1383008442 45 48.537 3.537
1383009343 43 48.200 5.200
1383010244 43 48.312 5.312
1383011146 43 48.087 5.087
1383012047 43 48.087 5.087
1383012948 41 47.862 6.862
1383013849 41 48.200 7.200
1383014750 41 48.087 7.087
1383015651 41 48.200 7.200
1383016552 41 48.087 7.087
1383017453 41 47.975 6.975
1383018354 41 47.975 6.975
1383019255 41 47.862 6.862
1383020157 41 47.750 6.750
1383021058 41 47.750 6.750
1383021959 41 47.975 6.975
1383022860 41 47.750 6.750
1383023761 41 47.750 6.750
1383024662 41 47.750 6.750
1383025565 41 47.637 6.637
1383026467 41 47.300 6.300
1383027368 41 47.187 6.187
1383028269 41 47.187 6.187
1383029170 41 47.187 6.187
1383030071 41 46.962 5.962
1383030972 41 47.187 6.187
1383031873 41 47.187 6.187
1383032774 41 47.075 6.075
1383033675 41 47.075 6.075
1383034577 41 46.737 5.737
1383035478 41 46.850 5.850
1383036379 41 46.962 5.962
1383037280 41 46.850 5.850
1383038181 41 46.737 5.737
1383039082 41 46.625 5.625
1383039988 41 46.512 5.512
1383040889 41 46.512 5.512
1383041790 37 46.625 9.625
1383042692 37 46.400 9.400
1383043593 37 46.400 9.400
1383044494 37 46.512 9.512
1383045395 37 46.287 9.287
1383046297 37 46.400 9.400
1383047198 37 46.175 9.175
1383048099 37 46.062 9.062
1383049001 37 46.287 9.287
1383049904 37 46.287 9.287
1383050810 37 46.400 9.400
1383051712 37 46.400 9.400
1383052613 37 46.737 9.737
1383053514 37 46.962 9.962
1383054415 37 47.862 10.862
1383055316 37 48.312 11.312
1383056217 39 48.537 9.537
1383057118 39 51.125 12.125
1383058019 39 57.762 18.762
1383058920 39 54.950 15.950
1383059822 41 55.287 14.287
1383060723 41 56.075 15.075
1383061625 41 55.062 14.062
1383062527 41 57.537 16.537
1383063428 41 63.837 22.837
1383064330 41 62.037 21.037
1383065231 45 60.237 15.237
1383066132 45 57.875 12.875
1383067035 50 56.075 6.075
1383067936 50 56.187 6.187
1383068838 50 57.087 7.087
1383069739 50 56.525 6.525
1383070640 55 57.087 2.087
1383071541 55 57.087 2.087
1383072442 55 59.000 4.000
1383073343 55 61.475 6.475
1383074245 58 61.250 3.250
1383075148 58 61.362 3.362
1383076049 58 60.462 2.462
1383076950 58 61.475 3.475
1383077851 57 59.787 2.787
1383078753 57 58.437 1.437
1383079656 57 57.650 .650
1383080557 57 57.987 .987
1383081460 56 57.875 1.875
1383082361 56 57.762 1.762
1383083262 56 56.525 .525
1383084163 56 55.737 -.263
1383085064 55 55.287 .287
1383085965 55 54.950 -.050
1383086866 55 54.837 -.163
1383087769 55 54.387 -.613
1383088670 55 54.050 -.950
1383089572 54 53.937 -.063
1383090473 54 53.712 -.288
1383091374 54 53.600 -.400
1383092276 53 53.600 .600
1383093177 53 53.487 .487
1383094078 53 53.375 .375
1383094979 53 53.262 .262
1383095880 53 53.037 .037
1383096782 53 52.812 -.188
1383097683 53 52.812 -.188
1383098584 53 52.812 -.188
1383099485 50 52.812 2.812
1383100387 50 52.587 2.587
1383101288 50 52.700 2.700
1383102189 50 52.587 2.587
1383103091 50 52.587 2.587
1383103992 50 52.587 2.587
1383104893 50 52.475 2.475
1383105795 50 52.475 2.475
1383106696 50 52.362 2.362
1383107597 50 52.362 2.362
1383108499 50 52.250 2.250
1383109400 50 52.250 2.250
1383110301 52 52.250 .250
1383111202 52 52.250 .250
1383112103 52 52.250 .250
1383113004 52 52.250 .250
1383113906 52 52.250 .250
1383114807 52 52.250 .250
1383115709 52 52.137 .137
1383116611 52 52.137 .137
1383117512 52 52.137 .137
1383118413 52 52.025 .025
1383119314 52 52.137 .137
1383120216 52 52.137 .137
1383121117 52 52.137 .137
1383122018 52 52.137 .137
1383122919 52 52.250 .250
1383123820 52 52.250 .250
1383124721 52 52.250 .250
1383125622 52 52.362 .362
1383126523 52 52.250 .250
1383127425 52 52.362 .362
1383128326 52 52.362 .362
1383129228 52 52.475 .475
1383130130 52 52.475 .475
1383131031 52 52.475 .475
1383131932 52 52.587 .587
1383132833 52 52.700 .700
1383133734 52 52.587 .587
1383134635 52 52.700 .700
1383135536 52 52.812 .812
1383136438 52 52.812 .812
1383137339 52 52.812 .812
1383138242 52 52.925 .925
1383139143 53 53.037 .037
1383140044 54 53.150 -.850
1383140945 54 53.262 -.738
1383141846 54 53.262 -.738
1383142747 53 53.600 .600
1383143648 53 53.712 .712
1383144551 55 53.937 -1.063
1383145452 55 53.937 -1.063
1383146354 55 54.387 -.613
1383147255 55 55.175 .175
1383148156 55 55.175 .175
1383149057 55 55.175 .175
1383149958 55 55.062 .062
1383150859 55 54.950 -.050
1383151760 55 54.725 -.275
1383152661 55 54.612 -.388
1383153563 55 54.500 -.500
1383154464 55 54.500 -.500
1383155365 55 54.500 -.500
1383156266 55 54.387 -.613
1383157167 55 54.500 -.500
1383158068 55 54.837 -.163
1383158970 55 54.612 -.388
1383159871 55 54.612 -.388
1383160772 55 54.500 -.500
1383161673 55 54.612 -.388
1383162574 54 54.725 .725
1383163475 54 54.612 .612
1383164376 54 54.725 .725
1383165277 54 55.062 1.062
1383166179 54 54.725 .725
1383167080 54 54.837 .837
1383167981 54 54.837 .837
1383168882 54 55.175 1.175
1383169783 54 55.062 1.062
1383170684 54 55.287 1.287
1383171585 55 55.175 .175
1383172486 55 55.062 .062
1383173387 55 55.400 .400
1383174288 55 55.512 .512
1383175189 57 55.512 -1.488
1383176091 57 55.625 -1.375
1383176993 57 55.625 -1.375
1383177894 57 55.737 -1.263
1383178796 58 55.625 -2.375
1383179697 58 55.625 -2.375
1383180598 58 55.850 -2.150
1383181499 58 55.962 -2.038
1383182400 58 56.075 -1.925
1383183302 58 56.075 -1.925
1383184203 58 56.075 -1.925
1383185104 58 55.962 -2.038
1383186006 58 55.962 -2.038
1383186907 58 56.075 -1.925
1383187808 57 56.187 -.813
1383188709 57 56.187 -.813
1383189610 58 56.300 -1.700
1383190512 58 56.300 -1.700
1383191414 58 56.300 -1.700
1383192315 58 56.412 -1.588
1383193216 58 56.525 -1.475
1383194118 58 56.412 -1.588
1383195019 58 56.412 -1.588
1383195920 57 56.412 -.588
1383196821 59 56.637 -2.363
1383197722 59 56.975 -2.025
1383198623 59 56.975 -2.025
1383199524 59 57.087 -1.913
1383200427 60 57.312 -2.688
1383201328 60 57.537 -2.463
1383202229 60 57.875 -2.125
1383203130 61 57.762 -3.238
1383204031 61 57.875 -3.125
1383204932 61 57.875 -3.125
1383205834 61 57.987 -3.013
1383206735 61 57.987 -3.013
1383207636 61 58.100 -2.900
1383208537 61 57.987 -3.013
1383209439 61 58.100 -2.900
1383210340 61 58.100 -2.900
1383211241 61 58.100 -2.900
1383212142 61 58.212 -2.788
1383213043 61 58.212 -2.788
1383213945 61 58.325 -2.675
1383214846 61 58.325 -2.675
1383215747 61 57.762 -3.238
1383216648 61 57.425 -3.575
1383217549 61 57.200 -3.800
1383218451 58 56.862 -1.138
1383219352 58 56.187 -1.813
1383220254 55 55.512 .512
1383221155 55 54.837 -.163
1383222056 54 54.162 .162
1383222957 52 53.825 1.825
1383223858 52 53.487 1.487
1383224759 52 53.375 1.375
1383225661 50 53.375 3.375
1383226562 50 53.262 3.262
1383227463 50 53.262 3.262
1383228365 50 53.150 3.150
1383229266 50 53.150 3.150
1383230167 50 53.375 3.375
1383231069 50 53.375 3.375
1383231970 50 53.150 3.150
1383232871 49 52.700 3.700
1383233772 49 52.475 3.475
1383234673 49 52.137 3.137
1383235574 49 52.025 3.025
1383236475 48 51.912 3.912
1383237376 48 51.687 3.687
1383238277 48 51.350 3.350
1383239178 48 51.462 3.462
1383240080 46 51.125 5.125
1383240981 46 51.012 5.012
1383241882 46 51.125 5.125
1383242783 46 51.237 5.237
1383243684 45 51.125 6.125
1383244585 45 51.237 6.237
1383245486 45 51.462 6.462
1383246387 45 51.800 6.800
1383247288 45 52.250 7.250
1383248189 45 51.012 6.012
1383249090 45 50.450 5.450
1383249991 45 50.562 5.562
1383250892 44 50.675 6.675
1383251793 45 50.562 5.562
1383252694 45 50.675 5.675
1383253596 45 50.000 5.000
1383254497 44 50.112 6.112
1383255398 44 50.112 6.112
1383256300 44 50.000 6.000
1383257201 44 49.887 5.887
1383258102 44 49.662 5.662
1383259003 45 49.662 4.662
1383259904 45 49.325 4.325
1383260805 45 49.100 4.100
1383261706 44 48.650 4.650
1383262607 44 48.762 4.762
1383263508 44 48.650 4.650
1383264409 44 48.200 4.200
1383265311 43 48.200 5.200
1383266212 43 48.087 5.087
1383267115 43 48.200 5.200
1383268016 43 48.200 5.200
1383268917 42 48.200 6.200
1383269818 43 47.975 4.975
1383270719 43 48.200 5.200
1383271620 43 48.200 5.200
1383272521 42 48.312 6.312
1383273422 42 48.312 6.312
1383274323 42 48.312 6.312
1383275224 42 48.312 6.312
1383276125 43 48.200 5.200
1383277026 43 48.200 5.200
1383277928 43 48.425 5.425
1383278829 43 48.312 5.312
1383279730 42 48.200 6.200
1383280631 43 48.200 5.200
1383281532 43 48.312 5.312
1383282433 43 48.200 5.200
1383283334 43 48.087 5.087
1383284235 43 48.200 5.200
1383285137 43 48.200 5.200
1383286038 43 48.200 5.200
1383286939 43 47.975 4.975
1383287840 43 47.975 4.975
1383288742 43 47.975 4.975
1383289643 43 47.862 4.862
1383290544 43 47.750 4.750
1383291445 43 47.862 4.862
1383292346 43 47.750 4.750
1383293247 43 47.750 4.750
1383294148 43 47.750 4.750
1383295050 43 47.637 4.637
1383295951 43 47.975 4.975
1383296852 43 47.637 4.637
1383297753 43 47.412 4.412
1383298654 43 47.637 4.637
1383299555 43 47.637 4.637
1383300456 43 47.750 4.750
1383301358 43 47.750 4.750
1383302259 43 47.862 4.862
1383303160 43 47.525 4.525
1383304061 43 47.637 4.637
1383304962 43 47.637 4.637
1383305863 43 47.525 4.525
1383306764 43 47.187 4.187
1383307665 43 47.187 4.187
1383308566 42 47.187 5.187
1383309467 42 47.412 5.412
1383310368 42 47.075 5.075
1383311269 42 47.412 5.412
1383312171 42 47.637 5.637
1383313072 42 48.200 6.200
1383313973 43 48.425 5.425
1383314874 43 48.762 5.762
1383315775 43 49.100 6.100
1383316676 43 49.212 6.212
1383317577 43 49.437 6.437
1383318478 43 49.325 6.325
1383319379 44 49.662 5.662
1383320280 44 50.112 6.112
1383321182 44 51.687 7.687
1383322083 46 53.487 7.487
1383322984 46 54.275 8.275
1383323885 46 55.962 9.962
1383324786 46 56.300 10.300
1383325687 46 54.837 8.837
1383326588 47 54.275 7.275
1383327489 47 54.050 7.050
1383328390 47 53.712 6.712
1383329291 47 53.150 6.150
1383330192 47 54.500 7.500
1383331093 47 52.700 5.700
1383331994 46 52.362 6.362
1383332895 46 52.587 6.587
1383333796 46 53.712 7.712
1383334697 46 54.387 8.387
1383335598 46 53.375 7.375
1383336499 46 52.925 6.925
1383337400 47 53.375 6.375
1383338302 47 53.937 6.937
1383339203 47 53.487 6.487
1383340104 47 53.712 6.712
1383341005 50 54.387 4.387
1383341906 50 54.612 4.612
1383342807 50 54.612 4.612
1383343708 50 55.287 5.287
1383344610 50 54.050 4.050
1383345511 50 52.812 2.812
1383346412 50 51.912 1.912
1383347313 50 51.012 1.012
1383348214 46 50.675 4.675
1383349116 46 50.675 4.675
1383350017 46 50.112 4.112
1383350918 46 50.000 4.000
1383351819 43 49.775 6.775
1383352720 43 49.437 6.437
1383353622 43 49.100 6.100
1383354523 43 49.212 6.212
1383355424 42 48.987 6.987
1383356325 42 48.762 6.762
1383357226 42 48.650 6.650
1383358129 41 48.312 7.312
1383359030 41 48.087 7.087
1383359931 41 48.200 7.200
1383360832 41 48.200 7.200
1383361733 41 47.750 6.750
1383362634 39 47.975 8.975
1383363535 39 47.750 8.750
1383364436 39 47.975 8.975
1383365337 44 48.087 4.087
1383366238 44 47.862 3.862
1383367139 44 47.750 3.750
1383368040 44 47.412 3.412
1383368941 44 47.750 3.750
1383369842 43 48.087 5.087
1383370743 43 47.975 4.975
1383371644 43 47.862 4.862
1383372545 44 47.525 3.525
1383373446 44 47.075 3.075
1383374348 44 47.187 3.187
1383375249 44 47.075 3.075
1383376150 44 47.075 3.075
1383377051 42 47.187 5.187
1383377952 42 47.075 5.075
1383378853 42 47.187 5.187
1383379754 42 47.300 5.300
1383380656 40 47.075 7.075
1383381557 40 47.187 7.187
1383382458 40 46.962 6.962
1383383359 40 46.850 6.850
1383384260 39 46.625 7.625
1383385161 39 46.625 7.625
1383386062 39 46.512 7.512
1383386963 39 46.400 7.400
1383387865 39 46.400 7.400
1383388766 39 45.950 6.950
1383389667 39 46.062 7.062
1383390568 39 45.837 6.837
1383391469 37 45.725 8.725
1383392371 37 45.612 8.612
1383393272 37 45.612 8.612
1383394174 37 45.387 8.387
1383395075 33 45.612 12.612
1383395976 33 45.612 12.612
1383396877 33 45.837 12.837
1383397778 33 45.950 12.950
1383398679 35 46.062 11.062
1383399580 35 46.625 11.625
1383400481 35 46.512 11.512
1383401384 38 47.750 9.750
1383402285 38 51.800 13.800
1383403186 38 62.375 24.375
1383404087 41 66.087 25.087
1383404988 42 68.787 26.787
1383405889 42 68.112 26.112
1383406791 42 69.800 27.800
1383407692 42 68.787 26.787
1383408593 45 66.875 21.875
1383409494 45 68.000 23.000
1383410395 45 72.837 27.837
1383411296 46 64.962 18.962
1383412197 47 57.762 10.762
1383413098 47 54.950 7.950
1383413999 47 53.600 6.600
1383414901 47 52.925 5.925
1383415802 47 52.700 5.700
1383416703 48 52.362 4.362
1383417604 48 52.362 4.362
1383418505 48 52.137 4.137
1383419406 48 52.137 4.137
1383420307 50 52.587 2.587
1383421208 50 52.475 2.475
1383422109 50 52.475 2.475
1383423010 50 52.475 2.475
1383423911 50 52.700 2.700
1383424813 50 52.587 2.587
1383425714 50 52.587 2.587
1383426615 51 53.375 2.375
1383427518 51 54.387 3.387
1383428419 51 54.837 3.837
1383429320 51 54.275 3.275
1383430221 51 53.712 2.712
1383431122 50 53.262 3.262
1383432023 50 51.687 1.687
1383432924 50 50.562 .562
1383433825 44 49.662 5.662
1383434726 44 49.212 5.212
1383435627 44 48.875 4.875
1383436529 44 47.975 3.975
1383437430 44 47.637 3.637
1383438331 42 47.525 5.525
1383439232 42 47.075 5.075
1383440133 42 46.625 4.625
1383441034 40 46.512 6.512
1383441935 40 46.175 6.175
1383442836 40 46.062 6.062
1383443737 40 45.725 5.725
1383444638 40 45.612 5.612
1383445539 38 45.387 7.387
1383446440 38 45.162 7.162
1383447341 38 44.937 6.937
1383448242 34 44.712 10.712
1383449145 34 44.712 10.712
1383450046 34 44.487 10.487
1383450947 34 44.375 10.375
1383451848 32 44.037 12.037
1383452749 32 43.925 11.925
1383453650 32 43.812 11.812
1383454551 32 43.812 11.812
1383455452 34 43.587 9.587
1383456354 34 43.700 9.700
1383457256 34 43.700 9.700
1383458157 34 43.812 9.812
1383459058 32 44.037 12.037
1383459959 32 44.037 12.037
1383460860 32 44.150 12.150
1383461761 32 44.150 12.150
1383462662 32 44.262 12.262
1383463563 36 44.037 8.037
1383464464 36 43.925 7.925
1383465365 36 43.587 7.587
1383466267 36 43.475 7.475
1383467168 35 43.250 8.250
1383468069 35 43.025 8.025
1383468970 35 43.025 8.025
1383469871 34 42.912 8.912
1383470772 34 42.687 8.687
1383471673 34 42.575 8.575
1383472574 34 42.687 8.687
1383473475 34 42.575 8.575
1383474376 33 42.350 9.350
1383475277 33 42.462 9.462
1383476178 33 42.237 9.237
1383477079 33 42.350 9.350
1383477980 33 42.350 9.350
1383478881 33 42.237 9.237
1383479782 33 42.912 9.912
1383480685 33 42.800 9.800
1383481587 32 42.462 10.462
1383482488 32 42.687 10.687
1383483389 32 43.025 11.025
1383484290 31 43.700 12.700
1383485191 31 46.512 15.512
1383486093 31 54.837 23.837
1383486994 31 55.400 24.400
1383487895 31 53.825 22.825
1383488796 36 54.950 18.950
1383489697 36 65.187 29.187
1383490598 36 67.437 31.437
1383491499 42 67.325 25.325
1383492400 42 66.875 24.875
1383493301 42 68.900 26.900
1383494203 42 67.775 25.775
1383495104 42 68.787 26.787
1383496005 46 71.825 25.825
1383496906 46 74.412 28.412
1383497807 46 67.437 21.437
1383498715 49 59.787 10.787
1383499616 49 57.425 8.425
1383500517 49 55.962 6.962
1383501418 49 55.287 6.287
1383502319 52 54.837 2.837
1383503220 52 54.612 2.612
1383504121 52 54.387 2.387
1383505022 52 54.500 2.500
1383505923 53 54.837 1.837
1383506824 53 54.950 1.950
1383507726 53 55.400 2.400
1383508627 53 56.750 3.750
1383509528 53 55.512 2.512
1383510429 55 55.512 .512
1383511330 55 55.850 .850
1383512231 55 55.512 .512
1383513132 55 55.625 .625
1383514033 53 54.837 1.837
1383514934 53 54.500 1.500
1383515835 53 53.825 .825
1383516736 53 53.375 .375
1383517638 52 52.700 .700
1383518539 52 52.025 .025
1383519440 52 51.462 -.538
1383520341 52 51.012 -.988
1383521242 50 50.675 .675
1383522145 50 50.675 .675
1383523046 50 50.337 .337
1383523947 50 50.225 .225
1383524848 49 50.112 1.112
1383525749 49 50.112 1.112
1383526650 49 49.775 .775
1383527551 48 49.775 1.775
1383528452 48 49.887 1.887
1383529353 48 49.662 1.662
1383530256 48 49.437 1.437
1383531157 48 49.550 1.550
1383532058 48 49.325 1.325
1383532959 48 49.325 1.325
1383533860 48 49.212 1.212
1383534761 47 49.100 2.100
1383535662 47 49.100 2.100
1383536565 47 49.100 2.100
1383537466 47 48.987 1.987
1383538367 47 48.875 1.875
1383539268 46 49.100 3.100
1383540169 46 48.987 2.987
1383541070 46 49.212 3.212
1383541972 47 49.212 2.212
1383542874 47 49.100 2.100
1383543775 47 48.987 1.987
1383544676 47 49.100 2.100
1383545577 47 48.987 1.987
1383546478 47 48.875 1.875
1383547379 47 48.875 1.875
1383548280 47 49.100 2.100
1383549183 46 48.987 2.987
1383550084 46 48.875 2.875
1383550985 46 48.987 2.987
1383551886 46 48.875 2.875
1383552787 46 48.762 2.762
1383553688 46 48.987 2.987
1383554589 46 48.987 2.987
1383555490 46 49.100 3.100
1383556391 47 48.987 1.987
1383557292 47 49.100 2.100
1383558193 47 49.100 2.100
1383559094 47 49.325 2.325
1383559995 47 49.212 2.212
1383560896 47 49.100 2.100
1383561797 47 49.212 2.212
1383562698 47 49.100 2.100
1383563601 46 48.987 2.987
1383564502 46 48.987 2.987
1383565403 46 48.875 2.875
1383566304 46 48.875 2.875
1383567205 45 48.875 3.875
1383568106 45 48.650 3.650
1383569008 45 48.650 3.650
1383569909 45 48.650 3.650
1383570810 45 49.100 4.100
1383571711 45 50.562 5.562
1383572612 45 58.887 13.887
1383573513 45 52.812 7.812
1383574415 46 53.712 7.712
1383575317 46 56.975 10.975
1383576218 46 62.375 16.375
1383577121 46 54.275 8.275
1383578022 47 53.037 6.037
1383578923 47 55.400 8.400
1383579824 47 59.112 12.112
1383580725 47 55.400 8.400
1383581626 52 54.837 2.837
1383582527 52 53.600 1.600
1383583429 52 52.812 .812
1383584330 52 52.812 .812
1383585231 50 55.287 5.287
1383586132 50 53.487 3.487
1383587033 50 53.487 3.487
1383587934 50 52.475 2.475
1383588835 50 52.137 2.137
1383589736 50 52.250 2.250
1383590637 50 52.362 2.362
1383591538 50 52.587 2.587
1383592439 51  -51
1383593340 51  -51
1383594240 51  -51
1383595141 51  -51
1383596041 51  -51
1383596942 51  -51
1383597842 51  -51
1383598743 52  -52
1383599643 52  -52
1383600543 52  -52
1383601444 52  -52
1383602344 52  -52
1383603244 51  -51
1383604145 51  -51
1383605045 51  -51
1383605946 52  -52
1383606846 51  -51
1383607746 51  -51
1383608647 51  -51
1383609547 51  -51
1383610448 50  -50
1383611348 50  -50
1383612249 50  -50
1383613149 50  -50
1383614049 50  -50
1383614950 50  -50
1383615850 50  -50
1383616751 50  -50
1383617652 50  -50
1383618553 50 51.575 1.575
1383619454 50 51.575 1.575
1383620355 50 51.462 1.462
1383621256 50 51.462 1.462
1383622157 50 51.350 1.350
1383623058 50 51.350 1.350
1383623959 50 51.237 1.237
1383624860 50 51.125 1.125
1383625763 50 51.012 1.012
1383626664 50 51.012 1.012
1383627565 50 50.900 .900
1383628466 49 51.012 2.012
1383629367 49 51.012 2.012
1383630268 49 50.787 1.787
1383631169 49 50.787 1.787
1383632070 49 50.900 1.900
1383632972 48 50.675 2.675
1383633873 48 50.675 2.675
1383634774 48 50.675 2.675
1383635675 48 50.562 2.562
1383636576 48 50.675 2.675
1383637477 48 50.675 2.675
1383638378 48 50.787 2.787
1383639279 48 50.675 2.675
1383640180 48 50.675 2.675
1383641081 48 50.562 2.562
1383641982 48 50.450 2.450
1383642883 48 50.562 2.562
1383643784 48 50.337 2.337
1383644685 48 50.450 2.450
1383645586 48 50.450 2.450
1383646487 48 50.337 2.337
1383647388 48 50.225 2.225
1383648291 48 50.225 2.225
1383649192 48 50.337 2.337
1383650093 48 50.225 2.225
1383650994 48 50.225 2.225
1383651895 48 50.337 2.337
1383652796 48 50.337 2.337
1383653697 48  -48
1383654597 48  -48
1383655498 48  -48
1383656398 48  -48
1383657299 48  -48
1383658199 48  -48
1383659099 48 50.900 2.900
1383660001 48 51.237 3.237
1383660902 48 51.687 3.687
1383661803 48 51.237 3.237
1383662704 48 51.462 3.462
1383663605 48 52.025 4.025
1383664506 49 52.812 3.812
1383665407 49 53.037 4.037
1383666308 49 53.037 4.037
1383667209 49 53.487 4.487
1383668110 50 53.487 3.487
1383669011 50 53.487 3.487
1383669913 50 53.375 3.375
1383670814 50 53.487 3.487
1383671715 51 53.600 2.600
1383672616 51 53.712 2.712
1383673517 52 54.162 2.162
1383674418 52 54.500 2.500
1383675319 51 53.600 2.600
1383676220 51 53.150 2.150
1383677121 51 53.037 2.037
1383678022 51 52.812 1.812
1383678923 51 52.812 1.812
1383679824 51 52.587 1.587
1383680726 51 52.812 1.812
1383681627 51 52.700 1.700
1383682528 52 52.700 .700
1383683429 52 52.587 .587
1383684330 52 52.587 .587
1383685232 52 52.700 .700
1383686133 52 52.700 .700
1383687035 52 52.812 .812
1383687936 52 52.812 .812
1383688837 52 52.812 .812
1383689738 53 52.812 -.188
1383690639 53 52.812 -.188
1383691540 54 53.037 -.963
1383692441 54 53.150 -.850
1383693342 54 53.375 -.625
1383694243 54 53.487 -.513
1383695144 54 53.487 -.513
1383696045 54 53.375 -.625
1383696946 54 53.375 -.625
1383697847 54 53.375 -.625
1383698748 54 53.375 -.625
1383699649 54 53.487 -.513
1383700551 54 53.487 -.513
1383701452 54 53.600 -.400
1383702353 54 53.487 -.513
1383703254 54 53.487 -.513
1383704155 54 53.600 -.400
1383705056 54 53.487 -.513
1383705957 54 53.712 -.288
1383706858 54 53.600 -.400
1383707759 54 53.712 -.288
1383708660 54 53.712 -.288
1383709561 54 53.825 -.175
1383710463 54 53.825 -.175
1383711364 54 53.937 -.063
1383712265 54 53.937 -.063
1383713166 54 53.825 -.175
1383714067 54 53.937 -.063
1383714968 55 54.050 -.950
1383715870 55 54.162 -.838
1383716771 55 54.162 -.838
1383717672 55 54.275 -.725
1383718573 55 54.387 -.613
1383719474 56 54.500 -1.500
1383720375 56 54.612 -1.388
1383721276 56 54.725 -1.275
1383722177 56 54.725 -1.275
1383723079 56 54.837 -1.163
1383723980 56 54.725 -1.275
1383724881 55 54.950 -.050
1383725782 55 54.950 -.050
1383726683 57 54.950 -2.050
1383727584 57 54.837 -2.163
1383728485 57 52.700 -4.300
1383729386 49 51.350 2.350
1383730287 48 50.450 2.450
1383731188 48 49.887 1.887
1383732089 48 49.887 1.887
1383732990 43 49.437 6.437
1383733891 43 48.762 5.762
1383734792 43 48.425 5.425
1383735693 43 48.087 5.087
1383736594 41 47.750 6.750
1383737495 41 47.412 6.412
1383738396 41 47.300 6.300
1383739298 41 47.412 6.412
1383740199 39 47.075 8.075
1383741100 39 47.075 8.075
1383742001 39 46.962 7.962
1383742902 39 46.625 7.625
1383743803 38 46.850 8.850
1383744704 38 46.737 8.737
1383745605 38 46.625 8.625
1383746506 37 46.625 9.625
1383747407 38 46.737 8.737
1383748308 38 46.962 8.962
1383749209 38 47.525 9.525
1383750110 38 47.862 9.862
1383751011 38 48.087 10.087
1383751913 38 48.762 10.762
1383752814 38 50.450 12.450
1383753715 38 54.950 16.950
1383754616 39 51.912 12.912
1383755517 39 50.112 11.112
1383756418 39 51.462 12.462
1383757319 39 53.600 14.600
1383758220 41 52.475 11.475
1383759121 41 51.912 10.912
1383760022 41 52.137 11.137
1383760923 41 52.587 11.587
1383761824 41 51.687 10.687
1383762725 44 50.900 6.900
1383763626 44 51.125 7.125
1383764527 44 49.662 5.662
1383765428 44 49.550 5.550
1383766329 44 49.325 5.325
1383767230 44 49.325 5.325
1383768133 44 49.775 5.775
1383769034 45 49.550 4.550
1383769935 45 49.662 4.662
1383770836 45 49.887 4.887
1383771737 45 50.112 5.112
1383772638 45 50.562 5.562
1383773539 45 51.462 6.462
1383774440 45 51.687 6.687
1383775341 45 51.237 6.237
1383776242 44 50.562 6.562
1383777143 44 49.212 5.212
1383778044 44 47.862 3.862
1383778945 44 47.412 3.412
1383779846 40 47.075 7.075
1383780747 40 46.850 6.850
1383781649 40 46.400 6.400
1383782550 40 46.175 6.175
1383783451 34 45.950 11.950
1383784352 34 45.612 11.612
1383785253 34 45.162 11.162
1383786154 34 45.275 11.275
1383787056 33 45.275 12.275
1383787957 33 45.162 12.162
1383788858 33 44.825 11.825
1383789759 33 44.487 11.487
1383790660 33 44.375 11.375
1383791561 33 44.262 11.262
1383792462 33 44.037 11.037
1383793363 33 43.925 10.925
1383794265 29 43.700 14.700
1383795166 29 43.700 14.700
1383796067 29 43.587 14.587
1383796968 29 43.250 14.250
1383797869 28 43.250 15.250
1383798770 28 43.025 15.025
1383799671 28 43.137 15.137
1383800572 28 42.800 14.800
1383801473 27 42.800 15.800
1383802374 27 42.462 15.462
1383803275 27 42.575 15.575
1383804176 27 42.237 15.237
1383805077 27 42.350 15.350
1383805979 27 41.900 14.900
1383806880 27 41.900 14.900
1383807781 27 41.900 14.900
1383808682 26 41.675 15.675
1383809583 26 41.787 15.787
1383810484 26 41.675 15.675
1383811385 26 41.337 15.337
1383812286 26 41.450 15.450
1383813187 26 41.562 15.562
1383814088 26 41.225 15.225
1383814989 26 41.225 15.225
1383815890 26 41.225 15.225
1383816791 26 41.112 15.112
1383817692 26 41.000 15.000
1383818593 26 40.887 14.887
1383819494 25 41.000 16.000
1383820396 25 41.000 16.000
1383821297 25 41.337 16.337
1383822198 25 41.000 16.000
1383823099 26 41.225 15.225
1383824000 26 41.337 15.337
1383824901 26 41.112 15.112
1383825802 27 41.225 14.225
1383826703 27 41.225 14.225
1383827604 27 41.337 14.337
1383828505 28 41.562 13.562
1383829406 28 41.900 13.900
1383830307 30 42.125 12.125
1383831208 30 42.237 12.237
1383832109 30 42.125 12.125
1383833011 30 42.237 12.237
1383833912 32 42.687 10.687
1383834813 32 43.025 11.025
1383835714 32 43.362 11.362
1383836615 32 43.587 11.587
1383837516 33 43.812 10.812
1383838417 34 44.150 10.150
1383839318 34 44.825 10.825
1383840219 34 45.950 11.950
1383841120 34 51.687 17.687
1383842021 35 54.162 19.162
1383842922 35 54.950 19.950
1383843823 35 52.025 17.025
1383844725 39 50.112 11.112
1383845626 39 47.862 8.862
1383846527 39 48.875 9.875
1383847428 39 48.312 9.312
1383848329 41 47.525 6.525
1383849230 41 47.637 6.637
1383850131 41 47.187 6.187
1383851032 41 47.300 6.300
1383851933 43 47.525 4.525
1383852834 43 47.637 4.637
1383853735 43 47.862 4.862
1383854636 43 48.425 5.425
1383855537 45 48.087 3.087
1383856438 45 49.887 4.887
1383857339 45 49.887 4.887
1383858240 45 51.237 6.237
1383859141 45 52.362 7.362
1383860042 45 52.025 7.025
1383860943 45 51.350 6.350
1383861845 45 50.450 5.450
1383862746 44 49.662 5.662
1383863647 44 47.862 3.862
1383864548 44 46.737 2.737
1383865449 44 46.062 2.062
1383866350 40 45.612 5.612
1383867251 40 45.275 5.275
1383868152 40 45.050 5.050
1383869053 40 44.600 4.600
1383869954 34 44.375 10.375
1383870855 34 44.150 10.150
1383871756 34 43.812 9.812
1383872657 34 43.587 9.587
1383873558 31 43.475 12.475
1383874459 31 43.362 12.362
1383875361 31 43.250 12.250
1383876262 31 43.362 12.362
1383877163 31 43.250 12.250
1383878064 31 43.250 12.250
1383878965 31 43.025 12.025
1383879866 31 43.137 12.137
1383880768 32 42.912 10.912
1383881669 32 42.687 10.687
1383882570 32 42.575 10.575
1383883471 32 42.350 10.350
1383884372 31 42.575 11.575
1383885273 31 42.350 11.350
1383886174 31 42.237 11.237
1383887075 31 42.125 11.125
1383887976 29 41.900 12.900
1383888877 29 41.900 12.900
1383889778 29 41.562 12.562
1383890679 29 41.675 12.675
1383891580 29 41.112 12.112
1383892481 29 41.112 12.112
1383893382 29 41.000 12.000
1383894283 29 40.775 11.775
1383895184 31 40.662 9.662
1383896085 31 40.550 9.550
1383896986 31 40.550 9.550
1383897887 31 40.212 9.212
1383898788 24 40.100 16.100
1383899689 24 39.875 15.875
1383900590 24 39.875 15.875
1383901491 24 39.762 15.762
1383902392 24 39.762 15.762
1383903293 24 39.650 15.650
1383904194 24 39.312 15.312
1383905095 24 39.200 15.200
1383905996 23 39.200 16.200
1383906898 23 38.975 15.975
1383907799 23 39.312 16.312
1383908700 23 38.975 15.975
1383909601 24 38.862 14.862
1383910502 24 38.637 14.637
1383911403 24 38.637 14.637
1383912304 24 38.525 14.525
1383913205 23 38.525 15.525
1383914106 23 38.412 15.412
1383915007 23 38.525 15.525
1383915908 23 38.637 15.637
1383916809 23 38.975 15.975
1383917710 23 41.000 18.000
1383918611 23 51.350 28.350
1383919512 23 44.712 21.712
1383920414 29 44.937 15.937
1383921316 29 43.925 14.925
1383922217 29 44.150 15.150
1383923118 29 44.487 15.487
1383924019 32 44.825 12.825
1383924920 32 45.387 13.387
1383925821 32 46.287 14.287
1383926722 32 47.075 15.075
1383927623 35 48.650 13.650
1383928524 35 48.650 13.650
1383929426 35 49.887 14.887
1383930327 35 49.325 14.325
1383931228 40 49.887 9.887
1383932129 40 49.550 9.550
1383933030 40 52.925 12.925
1383933931 40 52.587 12.587
1383934832 43 52.137 9.137
1383935733 43 51.237 8.237
1383936634 43 50.562 7.562
1383937535 43 50.675 7.675
1383938436 45 51.237 6.237
1383939337 45 50.450 5.450
1383940238 45 50.562 5.562
1383941139 46 49.775 3.775
1383942040 46 49.662 3.662
1383942941 46 49.662 3.662
1383943842 46 49.887 3.887
1383944743 46 49.100 3.100
1383945645 46 48.762 2.762
1383946546 46 50.225 4.225
1383947447 46 49.325 3.325
1383948348 46 48.762 2.762
1383949249 46 48.537 2.537
1383950150 46 47.862 1.862
1383951051 46 47.525 1.525
1383951952 46 47.412 1.412
1383952853 45 47.187 2.187
1383953754 45 46.850 1.850
1383954655 45 47.075 2.075
1383955556 45 46.962 1.962
1383956457 44 47.075 3.075
1383957359 44 47.075 3.075
1383958260 44 47.075 3.075
1383959161 44 47.412 3.412
1383960062 46 47.412 1.412
1383960963 46 47.525 1.525
1383961864 46 47.750 1.750
1383962765 46 47.637 1.637
1383963666 46 47.862 1.862
1383964568 46 47.975 1.975
1383965469 46 48.087 2.087
1383966370 46 47.975 1.975
1383967271 48 47.975 -.025
1383968172 48 47.975 -.025
1383969073 48 47.750 -.250
1383969974 48 47.750 -.250
1383970875 47 47.862 .862
1383971776 47 47.975 .975
1383972677 47 47.862 .862
1383973578 47 47.637 .637
1383974479 48 47.637 -.363
1383975380 48 47.637 -.363
1383976281 48 47.637 -.363
1383977183 48 47.300 -.700
1383978084 48 47.412 -.588
1383978985 48 47.187 -.813
1383979886 48 47.075 -.925
1383980787 48 47.075 -.925
1383981688 46 46.850 .850
1383982589 46 46.737 .737
1383983490 46 46.625 .625
1383984391 46 46.737 .737
1383985292 44 46.625 2.625
1383986193 44 46.512 2.512
1383987094 44 46.400 2.400
1383987995 44 46.287 2.287
1383988897 45 46.512 1.512
1383989798 45 46.400 1.400
1383990699 45 46.512 1.512
1383991600 45 46.287 1.287
1383992501 44 46.175 2.175
1383993402 44 45.837 1.837
1383994303 44 45.950 1.950
1383995204 44 45.837 1.837
1383996105 43 45.387 2.387
1383997006 43 45.500 2.500
1383997907 43 45.500 2.500
1383998808 43 45.387 2.387
1383999709 41 45.500 4.500
1384000610 41 45.387 4.387
1384001511 41 45.500 4.500
1384002413 41 45.612 4.612
1384003314 41 45.837 4.837
1384004215 41 48.312 7.312
1384005116 41 54.500 13.500
1384006017 43 58.212 15.212
1384006919 43 53.487 10.487
1384007820 43 56.862 13.862
1384008721 43 66.650 23.650
1384009622 43 67.775 24.775
1384010523 48 67.550 19.550
1384011424 48 67.662 19.662
1384012325 48 66.200 18.200
1384013226 48 65.300 17.300
1384014127 51 67.100 16.100
1384015029 51 68.900 17.900
1384015930 51 62.600 11.600
1384016831 51 57.762 6.762
1384017732 53 55.962 2.962
1384018633 53 57.200 4.200
1384019534 53 56.412 3.412
1384020436 53 56.975 3.975
1384021337 54 56.300 2.300
1384022238 54 56.187 2.187
1384023139 54 56.637 2.637
1384024040 54 55.625 1.625
1384024941 54 55.062 1.062
1384025842 54 55.175 1.175
1384026743 54 55.400 1.400
1384027644 54 54.950 .950
1384028546 53 54.837 1.837
1384029447 53 55.175 2.175
1384030348 53 55.625 2.625
1384031249 53 56.637 3.637
1384032150 54 57.312 3.312
1384033051 54 57.087 3.087
1384033952 54 56.750 2.750
1384034853 54 55.850 1.850
1384035754 52 54.500 2.500
1384036655 52 52.700 .700
1384037556 52 51.462 -.538
1384038457 49 50.450 1.450
1384039358 49 50.000 1.000
1384040259 49 49.662 .662
1384041161 49 49.325 .325
1384042062 49 48.987 -.013
1384042963 44 48.875 4.875
1384043864 44 48.650 4.650
1384044765 44 48.200 4.200
1384045666 43 48.087 5.087
1384046567 43 47.862 4.862
1384047468 43 47.750 4.750
1384048369 43 47.412 4.412
1384049270 43 47.300 4.300
1384050172 43 47.075 4.075
1384051073 43 46.962 3.962
1384051974 43 46.512 3.512
1384052875 43 46.512 3.512
1384053776 41 46.400 5.400
1384054677 41 46.400 5.400
1384055578 41 45.950 4.950
1384056479 41 45.612 4.612
1384057380 39 45.275 6.275
1384058281 39 45.050 6.050
1384059183 39 44.937 5.937
1384060084 39 44.712 5.712
1384060985 35 44.487 9.487
1384061886 35 44.375 9.375
1384062787 35 44.262 9.262
1384063688 35 44.037 9.037
1384064589 37 44.037 7.037
1384065490 37 43.812 6.812
1384066391 37 43.700 6.700
1384067292 37 43.587 6.587
1384068193 35 43.362 8.362
1384069094 35 43.250 8.250
1384069995 35 42.912 7.912
1384070896 35 42.800 7.800
1384071797 33 42.912 9.912
1384072698 33 42.350 9.350
1384073599 33 42.237 9.237
1384074501 31 42.125 11.125
1384075402 31 41.787 10.787
1384076303 31 41.900 10.900
1384077204 31 41.787 10.787
1384078105 31 41.675 10.675
1384079006 30 41.450 11.450
1384079907 30 41.225 11.225
1384080808 30 41.337 11.337
1384081709 27 41.337 14.337
1384082610 27 40.887 13.887
1384083511 27 40.662 13.662
1384084412 27 40.550 13.550
1384085313 27 40.325 13.325
1384086214 27 40.325 13.325
1384087115 27 40.100 13.100
1384088016 27 40.100 13.100
1384088917 27 40.662 13.662
1384089818 26 40.887 14.887
1384090719 26 45.050 19.050
1384091621 26 48.987 22.987
1384092522 26 54.500 28.500
1384093423 29 48.875 19.875
1384094324 29 52.812 23.812
1384095225 29 60.912 31.912
1384096126 29 62.375 33.375
1384097027 34 62.262 28.262
1384097928 34 64.287 30.287
1384098829 34 63.050 29.050
1384099730 34 63.275 29.275
1384100631 38 65.300 27.300
1384101532 38 66.650 28.650
1384102433 38 61.250 23.250
1384103334 38 55.850 17.850
1384104236 40 52.137 12.137
1384105137 40 52.137 12.137
1384106038 40 51.237 11.237
1384106939 40 49.662 9.662
1384107840 43 49.212 6.212
1384108741 43 50.000 7.000
1384109642 43 48.987 5.987
1384110543 43 49.325 6.325
1384111444 44 49.212 5.212
1384112345 44 49.437 5.437
1384113247 44 50.900 6.900
1384114148 45 51.575 6.575
1384115049 45 51.125 6.125
1384115950 45 50.787 5.787
1384116851 45 50.337 5.337
1384117752 45 49.325 4.325
1384118653 45 48.762 3.762
1384119554 45 48.537 3.537
1384120455 45 48.425 3.425
1384121356 44 48.200 4.200
1384122258 44 47.862 3.862
1384123159 44 47.862 3.862
1384124060 44 47.750 3.750
1384124961 44 47.637 3.637
1384125862 43 47.412 4.412
1384126763 43 47.412 4.412
1384127664 43 47.412 4.412
1384128565 41 47.187 6.187
1384129467 41 47.075 6.075
1384130368 41 46.737 5.737
1384131269 41 46.287 5.287
1384132170 41 46.062 5.062
1384133071 39 46.062 7.062
1384133972 39 46.062 7.062
1384134873 39 46.512 7.512
1384135774 39 46.737 7.737
1384136675 39 46.962 7.962
1384137576 39 46.850 7.850
1384138477 39 46.737 7.737
1384139378 39 46.737 7.737
1384140279 41 46.962 5.962
1384141180 41 47.075 6.075
1384142081 41 46.962 5.962
1384142982 42 46.962 4.962
1384143884 42 46.962 4.962
1384144785 42 47.075 5.075
1384145686 42 47.187 5.187
1384146587 42 47.187 5.187
1384147488 42 47.300 5.300
1384148389 42 47.187 5.187
1384149290 42 47.187 5.187
1384150191 43 47.300 4.300
1384151092 43 47.300 4.300
1384151993 43 47.300 4.300
1384152894 43 47.300 4.300
1384153795 43 47.075 4.075
1384154696 44 46.850 2.850
1384155597 44 46.625 2.625
1384156499 44 46.400 2.400
1384157400 39 46.287 7.287
1384158301 39 46.737 7.737
1384159202 39 46.962 7.962
1384160103 39 47.075 8.075
1384161004 39 47.075 8.075
1384161905 43 47.075 4.075
1384162806 43 47.187 4.187
1384163707 43 47.300 4.300
1384164608 44 47.187 3.187
1384165509 44 47.412 3.412
1384166410 44 47.412 3.412
1384167311 44 47.300 3.300
1384168212 44 47.412 3.412
1384169113 43 47.412 4.412
1384170014 43 47.300 4.300
1384170915 43 47.300 4.300
1384171817 44 47.300 3.300
1384172718 44 47.300 3.300
1384173619 44 47.300 3.300
1384174520 44 47.187 3.187
1384175421 44 47.187 3.187
1384176322 44 47.525 3.525
1384177223 44 47.412 3.412
1384178124 44 47.637 3.637
1384179025 44 47.412 3.412
1384179927 43 47.187 4.187
1384180828 43 47.187 4.187
1384181729 43 47.525 4.525
1384182630 43 47.412 4.412
1384183531 42 47.975 5.975
1384184432 42 47.525 5.525
1384185333 42 47.075 5.075
1384186234 42 46.625 4.625
1384187135 41 46.287 5.287
1384188036 41 46.175 5.175
1384188937 41 45.950 4.950
1384189838 41 46.175 5.175
1384190739 38 45.837 7.837
1384191641 38 45.387 7.387
1384192542 38 45.162 7.162
1384193443 38 45.275 7.275
1384194344 34 44.037 10.037
1384195245 34 43.025 9.025
1384196146 30 43.137 13.137
1384197047 30 42.575 12.575
1384197948 29 42.462 13.462
1384198849 29 42.237 13.237
1384199750 27 42.350 15.350
1384200651 27 42.237 15.237
1384201553 28 42.462 14.462
1384202454 28 42.912 14.912
1384203355 28 42.912 14.912
1384204256 28 42.800 14.800
1384205157 29 42.237 13.237
1384206059 29 42.012 13.012
1384206960 29 41.675 12.675
1384207861 28 41.675 13.675
1384208762 28 41.112 13.112
1384209663 28 40.550 12.550
1384210564 28 40.325 12.325
1384211465 28 39.762 11.762
1384212367 27 39.537 12.537
1384213268 27 39.875 12.875
1384214169 27 39.537 12.537
1384215070 27 39.425 12.425
1384215971 26 39.087 13.087
1384216872 26 39.312 13.312
1384217773 26 39.312 13.312
1384218674 26 39.087 13.087
1384219575 25 38.862 13.862
1384220477 25 38.637 13.637
1384221378 25 38.525 13.525
1384222279 24 38.075 14.075
1384223180 24 37.625 13.625
1384224081 24 37.625 13.625
1384224983 24 37.512 13.512
1384225884 24 37.400 13.400
1384226785 21 37.175 16.175
1384227686 21 36.837 15.837
1384228587 21 36.612 15.612
1384229488 19 36.500 17.500
1384230389 19 36.162 17.162
1384231290 19 36.387 17.387
1384232191 19 36.162 17.162
1384233092 19 36.050 17.050
1384233993 19 35.712 16.712
1384234894 19 35.712 16.712
1384235795 19 35.600 16.600
1384236697 18 35.375 17.375
1384237598 18 35.262 17.262
1384238499 18 35.375 17.375
1384239400 18 35.037 17.037
1384240301 17 35.037 18.037
1384241202 17 34.812 17.812
1384242103 17 34.700 17.700
1384243004 17 34.250 17.250
1384243905 17 34.362 17.362
1384244806 15 34.362 19.362
1384245707 15 34.362 19.362
1384246608 15 34.025 19.025
1384247509 14 34.025 20.025
1384248411 14 33.912 19.912
1384249312 14 34.025 20.025
1384250213 14 33.912 19.912
1384251114 14 33.912 19.912
1384252015 13 33.687 20.687
1384252916 13 33.687 20.687
1384253817 13 33.575 20.575
1384254718 13 33.237 20.237
1384255619 13 33.237 20.237
1384256520 13 33.237 20.237
1384257422 13 33.125 20.125
1384258323 13 32.900 19.900
1384259224 12 32.900 20.900
1384260125 12 32.900 20.900
1384261026 12 32.787 20.787
1384261927 12 32.787 20.787
1384262828 12 33.125 21.125
1384263729 12 41.112 29.112
1384264630 12 44.150 32.150
1384265532 12 44.937 32.937
1384266433 13 39.762 26.762
1384267334 13 44.600 31.600
1384268235 13 51.800 38.800
1384269136 13 51.912 38.912
1384270038 17 50.450 33.450
1384270939 17 52.812 35.812
1384271840 17 50.787 33.787
1384272741 17 50.225 33.225
1384273642 20 50.787 30.787
1384274543 20 47.975 27.975
1384275444 20 44.487 24.487
1384276345 23 41.225 18.225
1384277246 23 39.650 16.650
1384278147 23 40.887 17.887
1384279048 23 39.537 16.537
1384279949 23 38.187 15.187
1384280850 25 38.187 13.187
1384281751 25 38.412 13.412
1384282652 25 38.187 13.187
1384283553 27 38.187 11.187
1384284455 27 38.412 11.412
1384285356 27 38.637 11.637
1384286257 27 38.862 11.862
1384287158 27 39.087 12.087
1384288059 28 39.200 11.200
1384288960 28 39.537 11.537
1384289861 28 39.875 11.875
1384290762 28 40.662 12.662
1384291663 28 41.112 13.112
1384292564 28 41.112 13.112
1384293465 28 40.775 12.775
1384294366 28 40.437 12.437
1384295267 28 39.087 11.087
1384296168 28 38.075 10.075
1384297069 28 37.850 9.850
1384297971 23 37.512 14.512
1384298872 23 37.400 14.400
1384299773 23 37.175 14.175
1384300674 23 36.837 13.837
1384301575 23 36.725 13.725
1384302476 21 36.612 15.612
1384303377 21 36.387 15.387
1384304278 21 36.162 15.162
1384305180 17 35.825 18.825
1384306081 17 35.600 18.600
1384306982 17 35.375 18.375
1384307883 17 35.487 18.487
1384308784 17 35.375 18.375
1384309685 17 35.262 18.262
1384310586 17 35.150 18.150
1384311487 17 35.150 18.150
1384312388 17 35.037 18.037
1384313289 17 34.925 17.925
1384314190 17 34.587 17.587
1384315091 17 34.475 17.475
1384315992 17 34.362 17.362
1384316893 15 34.362 19.362
1384317794 15 34.137 19.137
1384318696 15 34.362 19.362
1384319597 15 34.362 19.362
1384320498 15 34.250 19.250
1384321399 15 34.137 19.137
1384322300 15 33.912 18.912
1384323201 16 33.800 17.800
1384324102 16 33.575 17.575
1384325003 16 33.575 17.575
1384325904 16 33.575 17.575
1384326805 14 33.462 19.462
1384327707 14 33.350 19.350
1384328608 14 33.462 19.462
1384329509 14 33.462 19.462
1384330410 15 33.462 18.462
1384331311 15 33.575 18.575
1384332212 15 33.462 18.462
1384333113 15 33.575 18.575
1384334014 14 33.575 19.575
1384334915 14 33.575 19.575
1384335816 14 33.575 19.575
1384336717 14 33.575 19.575
1384337618 14 33.462 19.462
1384338519 15 33.462 18.462
1384339420 15 33.462 18.462
1384340321 15 33.350 18.350
1384341222 15 33.350 18.350
1384342123 17 33.350 16.350
1384343024 17 33.350 16.350
1384343925 17 33.575 16.575
1384344826 17 33.462 16.462
1384345727 17 33.350 16.350
1384346629 17 33.350 16.350
1384347530 17 33.575 16.575
1384348431 17 33.800 16.800
1384349332 17 34.475 17.475
1384350233 17 43.137 26.137
1384351134 17 44.037 27.037
1384352035 17 43.812 26.812
1384352936 21 41.450 20.450
1384353838 21 46.850 25.850
1384354739 21 54.050 33.050
1384355640 27 54.950 27.950
1384356541 27 53.150 26.150
1384357442 27 53.712 26.712
1384358343 27 53.150 26.150
1384359244 32 53.825 21.825
1384360145 32 55.400 23.400
1384361046 32 53.712 21.712
1384361947 32 47.975 15.975
1384362848 36 47.862 11.862
1384363749 36 45.275 9.275
1384364651 36 46.737 10.737
1384365552 36 47.075 11.075
1384366453 39 44.150 5.150
1384367354 39 44.262 5.262
1384368255 39 44.825 5.825
1384369156 39 44.600 5.600
1384370057 43 44.375 1.375
1384370959 43 44.712 1.712
1384371860 43 44.712 1.712
1384372761 43 45.275 2.275
1384373662 44 46.062 2.062
1384374563 44 46.850 2.850
1384375464 44 47.750 3.750
1384376365 44 48.650 4.650
1384377266 45 49.550 4.550
1384378168 45 49.887 4.887
1384379069 45 49.662 4.662
1384379970 45 48.875 3.875
1384380871 44 47.750 3.750
1384381772 44 45.725 1.725
1384382673 44 44.375 .375
1384383574 44 43.700 -.300
1384384475 40 43.137 3.137
1384385376 40 42.800 2.800
1384386277 40 42.687 2.687
1384387178 40 42.462 2.462
1384388079 39 42.237 3.237
1384388980 39 41.900 2.900
1384389881 39 42.012 3.012
1384390782 39 41.787 2.787
1384391683 37 41.562 4.562
1384392584 37 41.675 4.675
1384393485 37 41.450 4.450
1384394386 37 41.450 4.450
1384395287 35 41.225 6.225
1384396189 35 41.112 6.112
1384397090 35 40.775 5.775
1384397991 35 40.662 5.662
1384398892 35 40.662 5.662
1384399793 35 40.437 5.437
1384400694 35 40.550 5.550
1384401595 35 40.437 5.437
1384402496 35 40.325 5.325
1384403397 35 40.212 5.212
1384404298 35 40.212 5.212
1384405199 35 40.325 5.325
1384406100 34 40.325 6.325
1384407001 34 40.100 6.100
1384407902 34 40.100 6.100
1384408803 34 40.100 6.100
1384409704 34 40.212 6.212
1384410605 34 40.325 6.325
1384411506 34 40.212 6.212
1384412407 34 40.100 6.100
1384413308 32 40.212 8.212
1384414209 32 40.212 8.212
1384415110 32 39.987 7.987
1384416011 32 39.875 7.875
1384416913 32 39.875 7.875
1384417814 32 39.875 7.875
1384418715 32 39.875 7.875
1384419616 32 39.762 7.762
1384420517 32 39.650 7.650
1384421418 31 39.650 8.650
1384422319 31 39.537 8.537
1384423220 31 39.762 8.762
1384424121 31 39.650 8.650
1384425022 31 39.537 8.537
1384425923 31 39.537 8.537
1384426824 31 39.537 8.537
1384427725 31 39.537 8.537
1384428626 31 39.425 8.425
1384429527 31 39.425 8.425
1384430428 31 39.312 8.312
1384431329 30 39.200 9.200
1384432230 30 39.312 9.312
1384433132 30 39.425 9.425
1384434033 30 39.425 9.425
1384434934 31 39.987 8.987
1384435835 31 40.887 9.887
1384436736 31 46.400 15.400
1384437637 31 51.462 20.462
1384438538 34 50.000 16.000
1384439440 34 47.862 13.862
1384440341 34 49.325 15.325
1384441242 34 48.650 14.650
1384442143 34 50.900 16.900
1384443044 34 51.687 17.687
1384443945 34 53.150 19.150
1384444846 34 54.950 20.950
1384445747 34 54.275 20.275
1384446648 34 52.925 18.925
1384447549 34 54.162 20.162
1384448450 34 52.250 18.250
1384449351 34 52.925 18.925
1384450252 34 51.687 17.687
1384451153 34 51.687 17.687
1384452054 34 52.587 18.587
1384452955 34 50.900 16.900
1384453856 34 51.125 17.125
1384454757 34 51.800 17.800
1384455658 34 52.025 18.025
1384456559 34 52.025 18.025
1384457461 34 51.800 17.800
1384458362 34 51.800 17.800
1384459263 34 51.800 17.800
1384460164 37 51.800 14.800
1384461065 37 52.025 15.025
1384461966  52.137 
1384462867  53.262 
1384463768  53.937 
1384464669  53.600 
1384465570  51.800 
1384466471  50.337 
1384467372  50.000 
1384468273  48.762 
1384469174  47.750 
1384470075 49 46.737 -2.263
1384470976 44 45.837 1.837
1384471877 44 45.275 1.275
1384472779 44 44.825 .825
1384473680 44 44.712 .712
1384474581 40 44.487 4.487
1384475482 40 44.150 4.150
1384476383 40 43.812 3.812
1384477284 40 43.475 3.475
1384478185  43.250 
1384479088 41 43.250 2.250
1384479990 41 43.250 2.250
1384480891 41 43.362 2.362
1384481792 41 43.362 2.362
1384482693 37 43.250 6.250
1384483594 37 43.250 6.250
1384484495 37 43.362 6.362
1384485396 37 43.700 6.700
1384486297 37 43.700 6.700
1384487198 37 43.700 6.700
1384488099 37 43.587 6.587
1384489000 37 43.812 6.812
1384489901 39 43.812 4.812
1384490802 39 43.812 4.812
1384491704 39 43.700 4.700
1384492605 39 43.812 4.812
1384493506 39 43.925 4.925
1384494407 39 44.150 5.150
1384495308 39 44.150 5.150
1384496209 42 44.375 2.375
1384497110 42 44.375 2.375
1384498011 42 44.375 2.375
1384498912 42 44.150 2.150
1384499814 42 44.150 2.150
1384500715 42 44.150 2.150
1384501616 42 44.037 2.037
1384502517 42 43.812 1.812
1384503418 41 43.587 2.587
1384504319 41 43.362 2.362
1384505220 41 43.137 2.137
1384506121 41 42.912 1.912
1384507022 36 42.800 6.800
1384507924 36 42.687 6.687
1384508825 36 42.575 6.575
1384509726 36 42.462 6.462
1384510627 32 42.237 10.237
1384511528 32 41.900 9.900
1384512429 32 41.900 9.900
1384513330 32 41.562 9.562
1384514231 31 41.337 10.337
1384515132 31 41.112 10.112
1384516033 31 40.887 9.887
1384516934 31 40.887 9.887
1384517835 32 40.550 8.550
1384518736 32 40.437 8.437
1384519637 32 40.325 8.325
1384520538 32 40.325 8.325
1384521439 30 40.325 10.325
1384522341 30 40.662 10.662
1384523242 30 46.625 16.625
1384524143 30 52.362 22.362
1384525044 32 51.125 19.125
1384525946 32 48.987 16.987
1384526847 32 55.737 23.737
1384527748 32 62.375 30.375
1384528649 40 61.700 21.700
1384529550 40 62.712 22.712
1384530451 40 62.262 22.262
1384531352 40 62.150 22.150
1384532253 45 63.612 18.612
1384533154 45 67.775 22.775
1384534055 45 64.962 19.962
1384534956 45 62.150 17.150
1384535857 49 60.800 11.800
1384536758 49 58.437 9.437
1384537660 49 57.537 8.537
1384538561 49 59.112 10.112
1384539462 49 56.637 7.637
1384540363 52 56.412 4.412
1384541264 52 55.850 3.850
1384542165 52 55.737 3.737
1384543066 55 55.062 .062
1384543967 55 55.175 .175
1384544868 55 54.050 -.950
1384545769 55 53.712 -1.288
1384546670 56 54.050 -1.950
1384547571 56 55.062 -.938
1384548472 56 56.412 .412
1384549373 56 57.087 1.087
1384550274 56 56.075 .075
1384551175 56 55.962 -.038
1384552076 56 56.300 .300
1384552977 56 54.612 -1.388
1384553878 53 52.812 -.188
1384554780 53 51.912 -1.088
1384555681 53 51.125 -1.875
1384556582 53 50.112 -2.888
1384557483 48 49.775 1.775
1384558384 48 49.550 1.550
1384559285 48 49.325 1.325
1384560186 48 49.100 1.100
1384561087 48 48.987 .987
1384561988 48 48.537 .537
1384562889 48 48.087 .087
1384563791 48 47.862 -.138
1384564692 45 47.862 2.862
1384565593 45 47.750 2.750
1384566494 45 47.300 2.300
1384567395 45 47.300 2.300
1384568296 44 47.075 3.075
1384569197 44 46.737 2.737
1384570098 44 46.512 2.512
1384570999 44 46.175 2.175
1384571900 43 46.062 3.062
1384572801 43 46.175 3.175
1384573702 43 46.287 3.287
1384574603 43 45.950 2.950
1384575504 42 46.062 4.062
1384576406 42 45.837 3.837
1384577307 42 45.725 3.725
1384578208 42 45.612 3.612
1384579109 42 45.387 3.387
1384580010 42 46.062 4.062
1384580911 42 45.950 3.950
1384581812 42 46.400 4.400
1384582713 42 46.287 4.287
1384583614 42 46.287 4.287
1384584515 42 46.175 4.175
1384585416 42 46.400 4.400
1384586317 42 46.175 4.175
1384587218 42 46.625 4.625
1384588119 42 46.175 4.175
1384589020 42 46.175 4.175
1384589921 41 46.062 5.062
1384590823 41 46.062 5.062
1384591724 41 46.512 5.512
1384592625 41 45.950 4.950
1384593526 41 46.400 5.400
1384594427 41 46.737 5.737
1384595328 41 46.962 5.962
1384596229 41 46.625 5.625
1384597130 42 46.625 4.625
1384598031 42 46.625 4.625
1384598932 42 47.075 5.075
1384599833 42 46.962 4.962
1384600734 43 47.300 4.300
1384601635 43 47.412 4.412
1384602536 43 47.300 4.300
1384603437 43 47.750 4.750
1384604338 45 48.087 3.087
1384605239 45 48.087 3.087
1384606140 45 48.200 3.200
1384607041 45 48.425 3.425
1384607942 48 48.762 .762
1384608843 48 48.537 .537
1384609745 48 48.650 .650
1384610646 48 48.762 .762
1384611547 47 48.987 1.987
1384612448 47 48.987 1.987
1384613349 47 49.100 2.100
1384614250 48 49.212 1.212
1384615151 49 49.325 .325
1384616052 49 49.550 .550
1384616953 49 49.550 .550
1384617854 49 49.887 .887
1384618756 50 50.562 .562
1384619657 50 50.787 .787
1384620558 50 51.012 1.012
1384621459 50 51.462 1.462
1384622360 52 51.912 -.088
1384623261 52 52.362 .362
1384624162 52 53.150 1.150
1384625063 52 53.712 1.712
1384625964 56 53.937 -2.063
1384626866 56 54.950 -1.050
1384627767 56 58.662 2.662
1384628668 56 57.087 1.087
1384629569 60 56.750 -3.250
1384630470 60 56.412 -3.588
1384631371 60 55.850 -4.150
1384632272 60 55.962 -4.038
1384633173 61 55.625 -5.375
1384634075 61 55.625 -5.375
1384634977 61 56.300 -4.700
1384635878 61 56.637 -4.363
1384636779 61 57.200 -3.800
1384637680 61 56.637 -4.363
1384638581 61 57.987 -3.013
1384639482 61 59.112 -1.888
1384640383 62 58.212 -3.788
1384641284 62 57.425 -4.575
1384642185 62 57.200 -4.800
1384643086 62 56.862 -5.138
1384643988 62 56.862 -5.138
1384644889 62 56.637 -5.363
1384645790 62 56.637 -5.363
1384646691 62 56.525 -5.475
1384647592 61 56.525 -4.475
1384648493 61 56.750 -4.250
1384649394 61 56.300 -4.700
1384650295 61 56.187 -4.813
1384651196 61 56.412 -4.588
1384652097 61 56.637 -4.363
1384652998 61 56.637 -4.363
1384653899 61 56.412 -4.588
1384654800 60 56.187 -3.813
1384655701 60 56.187 -3.813
1384656602 60 55.850 -4.150
1384657503 60 55.962 -4.038
1384658404 59 55.512 -3.488
1384659306 59 55.287 -3.713
1384660207 59 55.062 -3.938
1384661108 59 54.837 -4.163
1384662009 57 54.950 -2.050
1384662910 57 55.062 -1.938
1384663811 57 55.287 -1.713
1384664712 57 55.175 -1.825
1384665613 57 54.837 -2.163
1384666514 57 54.725 -2.275
1384667415 55 54.500 -.500
1384668316 57 54.500 -2.500
1384669217 57 54.500 -2.500
1384670118 57 54.500 -2.500
1384671019 59 54.387 -4.613
1384671920 59 54.612 -4.388
1384672821 57 54.725 -2.275
1384673722 57 54.612 -2.388
1384674623 57 54.612 -2.388
1384675524 57 54.387 -2.613
1384676425 56 54.275 -1.725
1384677326 56 54.162 -1.838
1384678227 56 54.162 -1.838
1384679128 55 53.937 -1.063
1384680030 55 53.825 -1.175
1384680931 55 53.825 -1.175
1384681832 54 53.937 -.063
1384682733 54 53.825 -.175
1384683634 55 53.600 -1.400
1384684535 55 53.712 -1.288
1384685436 55 53.487 -1.513
1384686337 55 53.487 -1.513
1384687238 54 53.375 -.625
1384688139 54 53.487 -.513
1384689040 54 53.600 -.400
1384689942 54 53.487 -.513
1384690843 54 53.487 -.513
1384691744 54 53.262 -.738
1384692645 54 53.375 -.625
1384693546 54 53.262 -.738
1384694447 54 53.262 -.738
1384695348 54 52.812 -1.188
1384696249 54 52.587 -1.413
1384697151 54 52.925 -1.075
1384698052 54 53.375 -.625
1384698953 54 53.262 -.738
1384699854 54 53.150 -.850
1384700756 54 52.475 -1.525
1384701657 51 54.162 3.162
1384702558 52 53.712 1.712
1384703459 52 56.300 4.300
1384704360 52 55.062 3.062
1384705261 50 56.750 6.750
1384706162 50 59.787 9.787
1384707063 50 57.087 7.087
1384707964 50 56.187 6.187
1384708865 51 55.737 4.737
1384709766 51 53.600 2.600
1384710667 51 51.687 .687
1384711568 51 50.562 -.438
1384712470 47 50.112 3.112
1384713371 47 51.350 4.350
1384714272 45 52.025 7.025
1384715173 45 52.812 7.812
1384716074 45 51.687 6.687
1384716975 45 50.900 5.900
1384717876 45 51.125 6.125
1384718777 45 50.337 5.337
1384719678 45 50.562 5.562
1384720579  50.450 
1384721482 46 50.450 4.450
1384722383 46 50.337 4.337
1384723285 47 50.900 3.900
1384724186 47 51.012 4.012
1384725087 47 50.562 3.562
1384725988 47 50.787 3.787
1384726889 47 50.225 3.225
1384727790 47 49.662 2.662
1384728691 47 48.987 1.987
1384729592 45 48.762 3.762
1384730494 45 48.762 3.762
1384731395 45 48.537 3.537
1384732296 45 48.200 3.200
1384733197 45 47.862 2.862
1384734098 45 47.750 2.750
1384734999 45 47.525 2.525
1384735900 45 47.412 2.412
1384736801 45 47.075 2.075
1384737703 41 46.962 5.962
1384738604 41 46.400 5.400
1384739505 41 46.625 5.625
1384740406 41 46.737 5.737
1384741307 40 46.737 6.737
1384742208 40 46.512 6.512
1384743109 40 46.625 6.625
1384744010 40 46.287 6.287
1384744911 39 46.287 7.287
1384745812 39 46.287 7.287
1384746714 39 46.062 7.062
1384747615 41 46.062 5.062
1384748516 41 46.062 5.062
1384749417 41 45.950 4.950
1384750318 41 45.837 4.837
1384751219 41 45.612 4.612
1384752120 40 45.500 5.500
1384753021 40 45.275 5.275
1384753922 40 45.162 5.162
1384754823 40 45.050 5.050
1384755724 38 44.937 6.937
1384756625 38 44.712 6.712
1384757526 38 44.600 6.600
1384758427 38 44.600 6.600
1384759328 37 44.375 7.375
1384760229 37 44.150 7.150
1384761131 37 44.487 7.487
1384762032 37 44.487 7.487
1384762933 37 44.712 7.712
1384763834 37 44.150 7.150
1384764735 37 44.037 7.037
1384765636 37 44.150 7.150
1384766538 36 44.037 8.037
1384767439 36 44.262 8.262
1384768340 37 44.262 7.262
1384769241 37 44.262 7.262
1384770142 37 44.150 7.150
1384771043 37 44.150 7.150
1384771944 37 44.262 7.262
1384772845 37 44.150 7.150
1384773748 37 43.700 6.700
1384774649 37 43.362 6.362
1384775550 37 43.025 6.025
1384776451 37 42.800 5.800
1384777352 36 42.687 6.687
1384778253 36 42.462 6.462
1384779154 36 42.462 6.462
1384780055 36 42.237 6.237
1384780957 33 42.462 9.462
1384781858 33 45.050 12.050
1384782759 33 49.775 16.775
1384783660 33 52.587 19.587
1384784561 34 47.975 13.975
1384785462 34 47.525 13.525
1384786363 34 52.475 18.475
1384787264 36 57.312 21.312
1384788165 36 54.725 18.725
1384789067 36 57.875 21.875
1384789968 36 56.300 20.300
1384790869 36 55.400 19.400
1384791770 36 55.850 19.850
1384792671 36 60.350 24.350
1384793572 36 54.837 18.837
1384794473 36 53.262 17.262
1384795374 39 50.900 11.900
1384796275 39 49.887 10.887
1384797176 39 49.325 10.325
1384798077 39 48.537 9.537
1384798978 40 48.762 8.762
1384799879 40 48.312 8.312
1384800780 40 48.200 8.200
1384801681 41 47.862 6.862
1384802582 41 47.525 6.525
1384803483 41 47.975 6.975
1384804384 41 48.312 7.312
1384805286 41 48.537 7.537
1384806187 42 48.987 6.987
1384807088 42 50.000 8.000
1384807989 42 50.562 8.562
1384808890 42 51.462 9.462
1384809791 42 51.687 9.687
1384810692 42 51.350 9.350
1384811593 42 50.675 8.675
1384812495 42 49.550 7.550
1384813396 40 47.525 7.525
1384814297 40 45.950 5.950
1384815198 40 45.162 5.162
1384816099 36 45.162 9.162
1384817000 36 44.712 8.712
1384817901 36 44.487 8.487
1384818802 36 44.037 8.037
1384819703 36 43.925 7.925
1384820604 32 43.812 11.812
1384821505 32 43.700 11.700
1384822406 32 43.362 11.362
1384823308 32 43.475 11.475
1384824209 32 43.137 11.137
1384825110 32 42.912 10.912
1384826011 32 42.912 10.912
1384826912 32 42.687 10.687
1384827813 30 42.350 12.350
1384828714 30 42.125 12.125
1384829615 30 42.012 12.012
1384830516 30 41.787 11.787
1384831417 30 41.562 11.562
1384832318 30 41.337 11.337
1384833219 30 41.337 11.337
1384834121 30 41.000 11.000
1384835022 30 40.887 10.887
1384835923 30 40.662 10.662
1384836824 30 40.775 10.775
1384837725 30 40.550 10.550
1384838626 28 40.325 12.325
1384839527 28 40.212 12.212
1384840428 28 40.100 12.100
1384841329 28 40.100 12.100
1384842230 28 39.875 11.875
1384843131 28 39.762 11.762
1384844033 28 39.762 11.762
1384844934 28 39.650 11.650
1384845835 26 39.537 13.537
1384846736 26 39.650 13.650
1384847637 26 39.537 13.537
1384848538 26 39.312 13.312
1384849439 26 38.975 12.975
1384850340 26 39.087 13.087
1384851241 26 38.975 12.975
1384852142 26 38.862 12.862
1384853043 23 38.975 15.975
1384853944 23 38.862 15.862
1384854845 23 38.637 15.637
1384855746 26 38.412 12.412
1384856648 26 38.637 12.637
1384857549 26 38.525 12.525
1384858450 26 38.637 12.637
1384859351 26 38.412 12.412
1384860252 23 38.412 15.412
1384861153 23 38.300 15.300
1384862054 23 38.412 15.412
1384862955 24 38.300 14.300
1384863856 24 38.525 14.525
1384864757 24 38.300 14.300
1384865658 24 38.300 14.300
1384866559 24 38.637 14.637
1384867460 24 38.975 14.975
1384868361 24 39.987 15.987
1384869262 24 43.025 19.025
1384870163 26 46.625 20.625
1384871065 26 45.275 19.275
1384871966 26 45.950 19.950
1384872867 26 49.325 23.325
1384873768 31 55.400 24.400
1384874669 31 55.512 24.512
1384875571 31 59.450 28.450
1384876472 31 59.000 28.000
1384877373 34 59.787 25.787
1384878274 34 61.587 27.587
1384879175 34 65.412 31.412
1384880076 34 62.712 28.712
1384880977 34 62.600 28.600
1384881878 38 60.462 22.462
1384882779 38 56.975 18.975
1384883680 38 55.287 17.287
1384884581 41 53.037 12.037
1384885483 41 52.587 11.587
1384886384 41 51.687 10.687
1384887285 41 50.900 9.900
1384888186 41 48.987 7.987
1384889087 43 49.212 6.212
1384889988 43 48.987 5.987
1384890889 43 48.987 5.987
1384891790 45 49.325 4.325
1384892691 45 50.450 5.450
1384893592 45 50.225 5.225
1384894493 45 49.662 4.662
1384895394 45 49.662 4.662
1384896295 45 50.225 5.225
1384897197 45 52.587 7.587
1384898098 45 52.362 7.362
1384898999 45 50.900 5.900
1384899900 45 48.312 3.312
1384900801 45 47.187 2.187
1384901702 45 47.075 2.075
1384902603 45 46.062 1.062
1384903504 42 46.287 4.287
1384904405 42 46.062 4.062
1384905306 42 45.950 3.950
1384906207 42 45.837 3.837
1384907109 40 45.725 5.725
1384908010 40 45.500 5.500
1384908911 40 45.275 5.275
1384909812 40 45.387 5.387
1384910713 40 45.162 5.162
1384911614 40 44.825 4.825
1384912515 40 44.825 4.825
1384913416 40 44.600 4.600
1384914318 38 44.712 6.712
1384915219 38 44.487 6.487
1384916120 38 44.262 6.262
1384917021 38 44.150 6.150
1384917922 37 44.262 7.262
1384918823 37 44.375 7.375
1384919724 37 44.600 7.600
1384920625 37 44.712 7.712
1384921527 38 44.712 6.712
1384922428 38 44.712 6.712
1384923329 38 44.825 6.825
1384924230 38 44.825 6.825
1384925131 38 44.825 6.825
1384926032 38 44.825 6.825
1384926933 38 44.825 6.825
1384927834 38 44.600 6.600
1384928735 37 44.600 7.600
1384929637 37 44.600 7.600
1384930538 37 44.487 7.487
1384931439 37 44.825 7.825
1384932340 38 44.600 6.600
1384933241 38 44.487 6.487
1384934142 38 44.600 6.600
1384935043 38 44.712 6.712
1384935944 38 44.600 6.600
1384936845 38 44.600 6.600
1384937746 38 44.600 6.600
1384938647 37 44.487 7.487
1384939548 37 44.600 7.600
1384940449 37 44.600 7.600
1384941350 37 44.600 7.600
1384942251 37 44.487 7.487
1384943152 37 44.487 7.487
1384944054 37 44.262 7.262
1384944955 37 44.262 7.262
1384945856 37 44.150 7.150
1384946757 37 44.150 7.150
1384947658 37 44.262 7.262
1384948559 37 44.150 7.150
1384949460 37 44.150 7.150
1384950361 37 43.925 6.925
1384951263 37 44.262 7.262
1384952164 37 44.487 7.487
1384953065 37 44.150 7.150
1384953966 37 44.262 7.262
1384954867 37 44.487 7.487
1384955768 37 45.162 8.162
1384956669 37 45.275 8.275
1384957570 37 44.937 7.937
1384958471 37 45.275 8.275
1384959372 37 46.062 9.062
1384960274 37 45.612 8.612
1384961175 37 45.162 8.162
1384962076 37 45.387 8.387
1384962977 37 45.612 8.612
1384963878 38 45.500 7.500
1384964779 38 45.387 7.387
1384965680 38 45.275 7.275
1384966581 37 45.050 8.050
1384967482 36 45.162 9.162
1384968383 36 45.162 9.162
1384969284 36 44.937 8.937
1384970185 36 45.275 9.275
1384971086 36 45.275 9.275
1384971987 36 45.275 9.275
1384972888 36 44.937 8.937
1384973789 36 45.050 9.050
1384974690 36 44.937 8.937
1384975591 36 44.937 8.937
1384976492 36 44.712 8.712
1384977393 36 44.712 8.712
1384978294 36 44.712 8.712
1384979195 36 44.825 8.825
1384980096 36 44.712 8.712
1384980997 36 44.487 8.487
1384981898 36 44.262 8.262
1384982799 36 44.150 8.150
1384983700 36 44.150 8.150
1384984602 36 44.037 8.037
1384985503 36 44.037 8.037
1384986404 36 44.375 8.375
1384987305 36 44.150 8.150
1384988206 36 44.037 8.037
1384989107 36 43.925 7.925
1384990008 36 43.812 7.812
1384990909 36 44.150 8.150
1384991810 36 44.037 8.037
1384992711 36 43.925 7.925
1384993613 36 44.037 8.037
1384994514 36 44.262 8.262
1384995415 36 44.262 8.262
1384996316 36 44.037 8.037
1384997217 36 43.925 7.925
1384998118 36 43.925 7.925
1384999019 36 44.150 8.150
1384999920 36 44.150 8.150
1385000821 37 44.037 7.037
1385001722 37 44.262 7.262
1385002624 37 44.037 7.037
1385003525 37 44.150 7.150
1385004426 37 44.262 7.262
1385005327 37 44.150 7.150
1385006228 37 44.375 7.375
1385007129 37 44.262 7.262
1385008030 38 44.262 6.262
1385008931 38 44.375 6.375
1385009832 38 44.262 6.262
1385010733 38 44.487 6.487
1385011634 37 44.375 7.375
1385012535 37 44.262 7.262
1385013436 37 44.375 7.375
1385014337 37 44.262 7.262
1385015238 38 44.262 6.262
1385016140 38 44.262 6.262
1385017041 38 44.150 6.150
1385017942 38 43.925 5.925
1385018843 38 43.362 5.362
1385019744 38 43.137 5.137
1385020645 38 42.800 4.800
1385021546 38 42.575 4.575
1385022447 35 42.350 7.350
1385023348 36 42.125 6.125
1385024249 34 41.900 7.900
1385025150 34 41.787 7.787
1385026051 32 41.675 9.675
1385026953 34 41.450 7.450
1385027854 33 41.337 8.337
1385028755 34 41.337 7.337
1385029656 34 41.225 7.225
1385030557 34 41.000 7.000
1385031458 34 41.112 7.112
1385032359 33 41.112 8.112
1385033260 34 41.225 7.225
1385034161 34 41.225 7.225
1385035062 35 41.225 6.225
1385035963 35 41.337 6.337
1385036864 34 41.450 7.450
1385037765 34 41.675 7.675
1385038666 36 42.012 6.012
1385039567 36 42.237 6.237
1385040468 36 42.462 6.462
1385041369 37 42.687 5.687
1385042270 37 42.912 5.912
1385043172 36 43.137 7.137
1385044073 34 43.475 9.475
1385044974 34 43.587 9.587
1385045875 34 43.925 9.925
1385046777 37 44.150 7.150
1385047678 37 44.600 7.600
1385048579 37 44.712 7.712
1385049480 37 44.937 7.937
1385050381 38 47.637 9.637
1385051282 38 47.862 9.862
1385052183 39 52.475 13.475
1385053084 39 50.562 11.562
1385053985 41 47.862 6.862
1385054886 41 47.187 6.187
1385055787 41 47.412 6.412
1385056688 41 47.412 6.412
1385057589 41 48.087 7.087
1385058490 41 48.087 7.087
1385059391 41 48.087 7.087
1385060292 41 48.312 7.312
1385061194 42 48.875 6.875
1385062095 42 48.537 6.537
1385062996 42 48.087 6.087
1385063897 42 48.087 6.087
1385064798 42 47.525 5.525
1385065699 42 46.850 4.850
1385066600 42 46.512 4.512
1385067501 42 46.512 4.512
1385068402 42 46.175 4.175
1385069303 42 46.175 4.175
1385070204 42 45.725 3.725
1385071105 42 45.387 3.387
1385072006 41 44.712 3.712
1385072908 39 44.375 5.375
1385073809 39 43.925 4.925
1385074710 37 43.812 6.812
1385075611 36 43.475 7.475
1385076512 36 43.137 7.137
1385077413 36 42.800 6.800
1385078314 36 42.687 6.687
1385079215 35 42.462 7.462
1385080116 35 42.462 7.462
1385081017 36 42.575 6.575
1385081918 36 42.350 6.350
1385082819 36 42.237 6.237
1385083720 35 42.125 7.125
1385084621 35 42.125 7.125
1385085522 35 42.125 7.125
1385086423 34 42.125 8.125
1385087325 34 42.237 8.237
1385088226 34 42.350 8.350
1385089127 34 42.237 8.237
1385090028 35 42.125 7.125
1385090929 35 41.900 6.900
1385091830 34 41.900 7.900
1385092731 34 41.562 7.562
1385093632 33 41.562 8.562
1385094534 33 41.337 8.337
1385095435 33 41.337 8.337
1385096336 33 41.000 8.000
1385097237 33 41.000 8.000
1385098138 33 40.887 7.887
1385099039 33 40.662 7.662
1385099940 33 40.662 7.662
1385100841 32 40.437 8.437
1385101742 32 40.212 8.212
1385102643 32 40.100 8.100
1385103544 30 39.875 9.875
1385104445 31 39.762 8.762
1385105346 31 39.762 8.762
1385106247 31 39.537 8.537
1385107149 30 39.425 9.425
1385108050 30 39.537 9.537
1385108951 30 39.537 9.537
1385109852 30 39.312 9.312
1385110753 30 39.312 9.312
1385111654 29 39.425 10.425
1385112555 29 39.312 10.312
1385113456 29 39.087 10.087
1385114357 28 38.862 10.862
1385115258 28 38.862 10.862
1385116159 28 38.750 10.750
1385117060 28 38.750 10.750
1385117961 28 38.750 10.750
1385118862 28 38.750 10.750
1385119763 28 38.750 10.750
1385120664 28 38.525 10.525
1385121565 28 38.525 10.525
1385122466 28 38.412 10.412
1385123367 28 38.412 10.412
1385124269 28 38.187 10.187
1385125170 27 38.187 11.187
1385126071 27 37.962 10.962
1385126972 27 38.187 11.187
1385127873 27 39.087 12.087
1385128774 27 42.575 15.575
1385129676 27 44.825 17.825
1385130577 26 41.337 15.337
1385131478 26 41.112 15.112
1385132379 26 43.925 17.925
1385133280 27 49.662 22.662
1385134181 27 50.225 23.225
1385135082 27 51.350 24.350
1385135983 27 52.137 25.137
1385136884 28 49.887 21.887
1385137785 28 52.250 24.250
1385138686 28 56.750 28.750
1385139588 28 54.725 26.725
1385140489 30 55.512 25.512
1385141390 30 53.150 23.150
1385142291 30 51.012 21.012
1385143192 30 47.975 17.975
1385144093 30 46.962 16.962
1385144994 30 45.612 15.612
1385145895 30 45.725 15.725
1385146796 30 44.825 14.825
1385147697 30 43.362 13.362
1385148599 30 43.362 13.362
1385149500 30 43.362 13.362
1385150401 30 43.925 13.925
1385151302 31 44.487 13.487
1385152203 31 45.050 14.050
1385153104 31 46.400 15.400
1385154005 31 47.412 16.412
1385154906 30 47.750 17.750
1385155807 30 47.525 17.525
1385156708 30 45.837 15.837
1385157609 30 44.712 14.712
1385158510 28 42.462 14.462
1385159411 28 40.437 12.437
1385160312 28 39.425 11.425
1385161213 28 39.200 11.200
1385162114 24 38.637 14.637
1385163016 24 38.412 14.412
1385163917 24 37.850 13.850
1385164818 24 37.400 13.400
1385165719 22 36.950 14.950
1385166620 22 36.612 14.612
1385167521 22 36.612 14.612
1385168422 22 36.387 14.387
1385169323 20 36.050 16.050
1385170224 20 35.937 15.937
1385171125 20 35.712 15.712
1385172026 20 35.487 15.487
1385172928 19 34.925 15.925
1385173829 19 35.150 16.150
1385174730 19 34.925 15.925
1385175631 19 34.587 15.587
1385176532 16 34.587 18.587
1385177433 16 34.250 18.250
1385178334 16 33.912 17.912
1385179235 16 33.687 17.687
1385180136 16 33.462 17.462
1385181037 16 33.125 17.125
1385181938 16 33.125 17.125
1385182839 16 33.125 17.125
1385183741 16 32.900 16.900
1385184642 16 33.125 17.125
1385185543 16 33.012 17.012
1385186444 16 32.900 16.900
1385187346 17 32.900 15.900
1385188247 17 33.012 16.012
1385189148 17 32.787 15.787
1385190049 17 32.787 15.787
1385190950 20 32.675 12.675
1385191851 20 32.675 12.675
1385192752 20 32.787 12.787
1385193653 20 33.012 13.012
1385194554 19 33.125 14.125
1385195455 19 33.012 14.012
1385196356 19 33.012 14.012
1385197258 19 33.012 14.012
1385198159 19 32.900 13.900
1385199060 19 33.012 14.012
1385199961 19 32.787 13.787
1385200862 19 32.562 13.562
1385201763 19 32.787 13.787
1385202664 19 32.675 13.675
1385203565 19 32.225 13.225
1385204466 19 32.112 13.112
1385205367 18 32.000 14.000
1385206268 18 31.663 13.663
1385207169 18 31.325 13.325
1385208070 18 30.538 12.538
1385208971 15 30.200 15.200
1385209872 15 29.863 14.863
1385210773 15 29.863 14.863
1385211674 15 29.638 14.638
1385212575 13 29.525 16.525
1385213476 13 30.088 17.088
1385214377 13 32.225 19.225
1385215279 13 39.537 26.537
1385216180 13 36.725 23.725
1385217081 13 34.025 21.025
1385217982 13 34.250 21.250
1385218883 13 36.725 23.725
1385219784 14 42.012 28.012
1385220685 14 41.787 27.787
1385221587 14 42.687 28.687
1385222488 14 42.912 28.912
1385223389 15 43.250 28.250
1385224290 15 44.937 29.937
1385225191 15 47.637 32.637
1385226092 15 46.062 31.062
1385226993 17 43.025 26.025
1385227894 17 41.562 24.562
1385228795 17 40.100 23.100
1385229697 17 39.087 22.087
1385230598 17 39.650 22.650
1385231499 18 38.075 20.075
1385232400 18 35.487 17.487
1385233301 18 35.037 17.037
1385234203 20 35.037 15.037
1385235104 20 34.812 14.812
1385236005 20 36.050 16.050
1385236907 20 37.175 17.175
1385237808 20 38.525 18.525
1385238711 20 40.212 20.212
1385239612 20 41.562 21.562
1385240513 20 42.237 22.237
1385241414 20 42.462 22.462
1385242315 20 42.125 22.125
1385243216 20 40.550 20.550
1385244117 20 39.200 19.200
1385245018 20 37.625 17.625
1385245919 18 35.712 17.712
1385246820 18 34.812 16.812
1385247721 18 34.362 16.362
1385248622 16 34.137 18.137
1385249524 16 33.912 17.912
1385250425 16 33.575 17.575
1385251326 16 33.462 17.462
1385252227 11 33.237 22.237
1385253128 11 33.237 22.237
1385254029 11 33.012 22.012
1385254931 11 32.900 21.900
1385255832 12 32.675 20.675
1385256734 12 32.675 20.675
1385257636 12 32.450 20.450
1385258537 12 32.450 20.450
1385259439 12 32.337 20.337
1385260340 12 32.225 20.225
1385261241 12 32.112 20.112
1385262142 12 32.000 20.000
1385263043 10 31.888 21.888
1385263944 10 31.775 21.775
1385264845 10 31.663 21.663
1385265746 10 31.438 21.438
1385266647 9 31.325 22.325
1385267549 9 31.213 22.213
1385268450 9 31.100 22.100
1385269351 9 30.988 21.988
1385270252 5 30.988 25.988
1385271153 5 30.875 25.875
1385272055 5 30.538 25.538
1385272956 5 30.650 25.650
1385273857 6 30.425 24.425
1385274758 6 30.425 24.425
1385275659 6 30.313 24.313
1385276560 6 30.200 24.200
1385277462 6 29.975 23.975
1385278363 6 29.975 23.975
1385279264 6 29.975 23.975
1385280165 6 29.863 23.863
1385281066 6 29.863 23.863
1385281967 6 29.863 23.863
1385282868 6 29.750 23.750
1385283769 6 29.750 23.750
1385284670 6 29.750 23.750
1385285571 6 29.638 23.638
1385286472 6 29.750 23.750
1385287373 6 29.525 23.525
1385288275 4 29.638 25.638
1385289176 4 29.638 25.638
1385290077 4 29.638 25.638
1385290978 4 29.638 25.638
1385291879 6 29.525 23.525
1385292780 6 29.525 23.525
1385293681 6 29.525 23.525
1385294582 6 29.525 23.525
1385295483 5 29.413 24.413
1385296384 5 29.525 24.525
1385297285 5 29.525 24.525
1385298186 5 29.413 24.413
1385299087 4 29.413 25.413
1385299988 4 29.975 25.975
1385300890 4 33.575 29.575
1385301791 4 40.662 36.662
1385302692 7 37.175 30.175
1385303593 7 35.712 28.712
1385304494 7 36.275 29.275
1385305395 7 38.300 31.300
1385306297 13 43.700 30.700
1385307198 13 45.162 32.162
1385308099 13 45.725 32.725
1385309000 13 45.725 32.725
1385309901 17 46.625 29.625
1385310802 17 49.325 32.325
1385311703 17 51.462 34.462
1385312604 17 48.762 31.762
1385313505 20 46.850 26.850
1385314406 20 44.937 24.937
1385315311 20 43.587 23.587
1385316212 20 41.450 21.450
1385317113 23 42.237 19.237
1385318014 23 40.100 17.100
1385318915 23 38.637 15.637
1385319816 23 37.512 14.512
1385320718 26 37.287 11.287
1385321619 26 37.287 11.287
1385322520 26 37.625 11.625
1385323421 26 37.850 11.850
1385324322 27 39.312 12.312
1385325223 27 41.450 14.450
1385326124 27 42.687 15.687
1385327025 27 43.925 16.925
1385327926 27 43.812 16.812
1385328827 27 43.137 16.137
1385329729 27 41.000 14.000
1385330630 27 39.537 12.537
1385331531 26 38.075 12.075
1385332432 26 36.837 10.837
1385333333 26 36.500 10.500
1385334234 26 36.050 10.050
1385335135 23 35.825 12.825
1385336036 23 35.600 12.600
1385336937 23 35.487 12.487
1385337838 23 35.375 12.375
1385338740 22 35.262 13.262
1385339641 22 35.037 13.037
1385340542 22 34.925 12.925
1385341443 22 34.700 12.700
1385342344 21 34.700 13.700
1385343246 21 34.587 13.587
1385344147 21 34.587 13.587
1385345048 21 34.362 13.362
1385345949 21 34.362 13.362
1385346850 21 34.137 13.137
1385347751 21 34.137 13.137
1385348652 21 34.137 13.137
1385349554 21 33.912 12.912
1385350455 21 34.025 13.025
1385351356 21 34.025 13.025
1385352257 21 33.912 12.912
1385353158 20 33.912 13.912
1385354059 20 33.912 13.912
1385354960 20 33.912 13.912
1385355861 20 33.912 13.912
1385356762 20 34.025 14.025
1385357663 20 34.137 14.137
1385358564 20 34.250 14.250
1385359465 20 34.250 14.250
1385360366 21 34.250 13.250
1385361267 21 34.362 13.362
1385362168 21 34.362 13.362
1385363069 21 34.587 13.587
1385363971 22 34.587 12.587
1385364872 22 34.700 12.700
1385365773 22 34.587 12.587
1385366674 22 34.812 12.812
1385367575 24 34.925 10.925
1385368476 24 34.812 10.812
1385369377 24 34.925 10.925
1385370278 24 34.812 10.812
1385371179 23 34.587 11.587
1385372081 25 34.700 9.700
1385372982 21 34.812 13.812
1385373883 23 35.037 12.037
1385374784 23 35.262 12.262
1385375685 23 35.375 12.375
1385376586 23 35.375 12.375
1385377487 23 35.262 12.262
1385378388 25 35.375 10.375
1385379289 25 35.262 10.262
1385380190 25 35.037 10.037
1385381091 25 35.037 10.037
1385381992 25 35.037 10.037
1385382893 23 35.037 12.037
1385383795 25 35.037 10.037
1385384696 25 35.150 10.150
1385385597 24 35.375 11.375
1385386498 24 35.487 11.487
1385387399 24 35.712 11.712
1385388300 24 36.050 12.050
1385389205 27 36.500 9.500
1385390107 27 36.950 9.950
1385391008 27 37.175 10.175
1385391909 27 37.512 10.512
1385392810 27 37.512 10.512
1385393717 27 37.512 10.512
1385394618 27 37.400 10.400
1385395519 27 38.862 11.862
1385396420 27 38.750 11.750
1385397321 27 38.975 11.975
1385398224 28 38.975 10.975
1385399125 28 39.425 11.425
1385400026 30 39.425 9.425
1385400927 30 40.662 10.662
1385401828 30 42.237 12.237
1385402729 30 43.700 13.700
1385403630 31 43.587 12.587
1385404531 31 44.825 13.825
1385405432 31 46.400 15.400
1385406333 31 45.837 14.837
1385407234 32 44.375 12.375
1385408135 32 44.487 12.487
1385409036 32 44.150 12.150
1385409938 32 43.587 11.587
1385410839 33 43.587 10.587
1385411740 33 42.800 9.800
1385412641 33 43.137 10.137
1385413542 33 44.375 11.375
1385414443 33 43.025 10.025
1385415344 33 41.450 8.450
1385416245 33 40.550 7.550
1385417146 33 39.875 6.875
1385418047 33 39.087 6.087
1385418948 33 38.637 5.637
1385419850 32 38.300 6.300
1385420751 32 38.075 6.075
1385421652 32 37.850 5.850
1385422553 32 37.737 5.737
1385423454 32 37.737 5.737
1385424355 32 37.625 5.625
1385425256 29 37.512 8.512
1385426158 29 37.400 8.400
1385427059 29 37.400 8.400
1385427960 29 37.400 8.400
1385428861 28 37.625 9.625
1385429762 28 37.737 9.737
1385430663 28 37.625 9.625
1385431565 28 37.737 9.737
1385432466 29 37.737 8.737
1385433367 29 37.625 8.625
1385434268 29 37.625 8.625
1385435170 29 37.512 8.512
1385436071 31 37.512 6.512
1385436972 31 37.512 6.512
1385437873 31 37.512 6.512
1385438775 31 37.625 6.625
1385439677 30 37.512 7.512
1385440582 30 37.625 7.625
1385441483 30 37.512 7.512
1385442384 30 37.512 7.512
1385443286 29 37.287 8.287
1385444187 29 37.062 8.062
1385445089 29 36.950 7.950
1385445991 29 36.725 7.725
1385446892 24 36.387 12.387
1385447793 24 36.500 12.500
1385448694 24 36.162 12.162
1385449596 24 36.162 12.162
1385450503 23 36.162 13.162
1385451404 23 36.162 13.162
1385452305 23 36.050 13.050
1385453206 23 36.162 13.162
1385454107 19 36.162 17.162
1385455008 19 35.937 16.937
1385455909 19 36.050 17.050
1385456810 19 36.050 17.050
1385457712 26 36.162 10.162
1385458613 26 36.275 10.275
1385459514 26 36.500 10.500
1385460415 26 36.612 10.612
1385461316 26 36.612 10.612
1385462217 26 36.612 10.612
1385463118 26 36.612 10.612
1385464019 26 36.837 10.837
1385464920 29 37.062 8.062
1385465821 29 37.062 8.062
1385466722 29 37.175 8.175
1385467623 29 36.950 7.950
1385468524 28 36.950 8.950
1385469425 28 37.062 9.062
1385470326 28 36.950 8.950
1385471228 28 37.175 9.175
1385472129 30 37.175 7.175
1385473030 30 37.175 7.175
1385473931 30 37.400 7.400
1385474832 30 37.287 7.287
1385475733 30 37.175 7.175
1385476634 30 37.287 7.287
1385477536 30 36.837 6.837
1385478437 30 36.950 6.950
1385479338 29 37.062 8.062
1385480239 29 37.512 8.512
1385481140 29 37.512 8.512
1385482041 29 37.062 8.062
1385482942 28 38.637 10.637
1385483843 28 39.987 11.987
1385484744 28 50.112 22.112
1385485645 28 47.075 19.075
1385486546 27 45.725 18.725
1385487447 27 45.837 18.837
1385488348 27 43.925 16.925
1385489249 27 41.450 14.450
1385490150 28 39.537 11.537
1385491051 28 39.087 11.087
1385491953 28 37.287 9.287
1385492854 28 36.612 8.612
1385493755 27 36.387 9.387
1385494656 27 36.500 9.500
1385495557 27 37.062 10.062
1385496458 27 37.512 10.512
1385497359 26 38.862 12.862
1385498260 26 40.775 14.775
1385499161 26 41.675 15.675
1385500062 26 41.450 15.450
1385500963 25 40.325 15.325
1385501864 25 38.637 13.637
1385502765 25 36.837 11.837
1385503666 23 36.050 13.050
1385504567 23 35.037 12.037
1385505468 23 34.475 11.475
1385506369 23 33.912 10.912
1385507271 23 33.687 10.687
1385508172 22 33.575 11.575
1385509073 22 33.800 11.800
1385509974 22 33.575 11.575
1385510875 22 33.350 11.350
1385511776 21 33.012 12.012
1385512677 21 33.125 12.125
1385513578 21 32.900 11.900
1385514479 21 32.675 11.675
1385515381 20 32.787 12.787
1385516282 20 32.562 12.562
1385517183 20 32.225 12.225
1385518084 20 32.112 12.112
1385518985 18 32.112 14.112
1385519886 18 31.888 13.888
1385520787 18 31.663 13.663
1385521688 18 31.438 13.438
1385522589 18 31.550 13.550
1385523490 18 31.550 13.550
1385524391 18 31.213 13.213
1385525292 18 31.100 13.100
1385526194 16 31.213 15.213
1385527095 16 30.988 14.988
1385527996 16 30.988 14.988
1385528897 15 30.875 15.875
1385529798 15 30.763 15.763
1385530699 15 30.538 15.538
1385531600 15 30.538 15.538
1385532501 15 30.538 15.538
1385533402 12 30.425 18.425
1385534303 12 30.313 18.313
1385535204 12 30.200 18.200
1385536110 12 30.200 18.200
1385537011 12 30.088 18.088
1385537912 12 29.975 17.975
1385538814 12 29.863 17.863
1385539715 12 29.975 17.975
1385540616 10 29.863 19.863
1385541518 10 29.750 19.750
1385542419 10 29.525 19.525
1385543320 8 29.525 21.525
1385544221 8 29.525 21.525
1385545122 8 29.300 21.300
1385546023 8 29.188 21.188
1385546924 8 29.300 21.300
1385547825 8 29.188 21.188
1385548726 8 29.075 21.075
1385549627 8 29.075 21.075
1385550528 7 29.075 22.075
1385551429 7 28.963 21.963
1385552330 7 28.850 21.850
1385553231 7 28.738 21.738
1385554132 7 28.850 21.850
1385555034 7 28.625 21.625
1385555935 7 28.625 21.625
1385556836 7 28.400 21.400
1385557737 7 28.513 21.513
1385558638 7 28.513 21.513
1385559539 7 28.850 21.850
1385560440 7 35.375 28.375
1385561342 7 38.300 31.300
1385562243 8 34.025 26.025
1385563144 8 33.800 25.800
1385564045 8 34.812 26.812
1385564946 8 36.725 28.725
1385565847 13 40.775 27.775
1385566748 13 43.475 30.475
1385567649 13 44.150 31.150
1385568550 13 45.387 32.387
1385569451 17 46.400 29.400
1385570352 17 49.662 32.662
1385571253 17 51.237 34.237
1385572155 17 47.975 30.975
1385573056 19 47.525 28.525
1385573957 19 46.512 27.512
1385574858 19 43.025 24.025
1385575759 19 40.887 21.887
1385576660 22 39.087 17.087
1385577561 22 38.862 16.862
1385578462 22 36.612 14.612
1385579363 23 35.937 12.937
1385580264 23 35.937 12.937
1385581165 23 36.162 13.162
1385582066 23 36.162 13.162
1385582968 23 36.950 13.950
1385583869 23 38.525 15.525
1385584770 23 40.550 17.550
1385585671 23 41.450 18.450
1385586572 23 41.450 18.450
1385587473 23 41.000 18.000
1385588374 23 39.650 16.650
1385589275 23 36.837 13.837
1385590176 23 36.162 13.162
1385591077 22 35.600 13.600
1385591979 22 35.037 13.037
1385592880 22 34.475 12.475
1385593781 20 33.912 13.912
1385594682 20 33.912 13.912
1385595584 20 33.912 13.912
1385596485 20 33.912 13.912
1385597386 20 34.025 14.025
1385598287 19 34.362 15.362
1385599188 19 34.025 15.025
1385600089 19 33.912 14.912
1385600990 19 33.912 14.912
1385601891 17 34.137 17.137
1385602792 17 34.137 17.137
1385603693 17 33.687 16.687
1385604594 17 33.912 16.912
1385605495 18 33.800 15.800
1385606396 18 33.687 15.687
1385607297 18 33.912 15.912
1385608199 18 34.025 16.025
1385609100 20 33.800 13.800
1385610001 20 33.462 13.462
1385610902 20 33.237 13.237
