1397433305 0 58.437 0
1397433401 48 57.312 9.312
1397433494 48 56.412 8.412
1397433601 48 55.737 7.737
1397434055 48 54.162 6.162
1397434501 48 53.825 5.825
1397435401 48 53.375 5.375
1397436301 48 52.925 4.925
1397437201 48 52.250 4.250
1397438101 47 52.025 5.025
1397439001 47 51.912 4.912
1397439901 47 51.462 4.462
1397440802 0 51.350 0
1397441701 47 51.237 4.237
1397442601 47 51.012 4.012
1397443501 47 50.337 3.337
1397444401 47 50.225 3.225
1397445301 46 50.225 4.225
1397446201 46 50.225 4.225
1397447101 46 50.225 4.225
1397448001 46 50.112 4.112
1397448901 45 49.437 4.437
1397449801 45 49.212 4.212
1397450701 45 48.987 3.987
1397451601 45 48.537 3.537
1397452501 44 48.200 4.200
1397453401 44 47.750 3.750
1397454301 44 47.412 3.412
1397455201 44 46.850 2.850
1397456101 41 46.287 5.287
1397457001 41 45.725 4.725
1397457901 41 45.050 4.050
1397458801 41 42.687 1.687
1397459701 37 40.775 3.775
1397460601 37 39.312 2.312
1397461501 34 38.525 4.525
1397462401 35 38.187 3.187
1397463301 35 38.075 3.075
1397464201 35 39.312 4.312
1397465101 35 39.987 4.987
1397466001 35 39.987 4.987
1397466901 34 39.987 5.987
1397467801 34 39.087 5.087
1397468701 34 38.637 4.637
1397469601 34 38.412 4.412
1397470501 34 38.300 4.300
1397471401 34 38.300 4.300
1397472301 34 37.625 3.625
1397473201 34 37.512 3.512
1397474101 34 36.950 2.950
1397475001 34 36.950 2.950
1397475901 34 36.725 2.725
1397476801 34 37.400 3.400
1397477701 34 37.175 3.175
1397478601 34 38.412 4.412
1397479501 34 38.075 4.075
1397480401 34 38.637 4.637
1397481301 33 40.437 7.437
1397482201 33 42.125 9.125
1397483101 33 41.787 8.787
1397484001 33 41.562 8.562
1397484901 32 41.675 9.675
1397485801 32 41.900 9.900
1397486701 32 42.350 10.350
1397487601 32 42.125 10.125
1397488501 32 43.137 11.137
1397489401 32 44.375 12.375
1397490301 32 47.637 15.637
1397491201 32 50.675 18.675
1397492101 33 52.250 19.250
1397493001 33 53.262 20.262
1397493901 33 54.612 21.612
1397494801 33 55.512 22.512
1397495701 34 56.525 22.525
1397496601 34 56.412 22.412
1397497501 34 56.750 22.750
1397498401 34 56.412 22.412
1397499301 34 56.975 22.975
1397500201 34 57.087 23.087
1397501101 34 57.987 23.987
1397502001 34 57.312 23.312
1397502901 34 58.212 24.212
1397503801 34 58.775 24.775
1397504701 34 56.975 22.975
1397505601 34 59.787 25.787
1397506501 34 62.262 28.262
1397507401 35 60.237 25.237
1397508301 35 60.912 25.912
1397509201 35 58.550 23.550
1397510101 35 58.212 23.212
1397511001 35 57.650 22.650
1397511901 35 56.187 21.187
1397512801 35 54.050 19.050
1397513702 35 52.362 17.362
1397514601 34 52.475 18.475
1397515501 34 54.837 20.837
1397516401 34 56.412 22.412
1397517301 35 55.962 20.962
1397518201 35 52.137 17.137
1397519101 0 52.475 0
1397520001 0 51.462 0
1397520901 0 50.900 0
1397521801 0 49.887 0
1397522701 0 48.537 0
1397523601 0 47.412 0
1397524501 0 46.400 0
1397525401 33 45.612 12.612
1397526301 33 45.162 12.162
1397527201 33 44.600 11.600
1397528101 32 43.925 11.925
1397529001 32 43.362 11.362
1397529901 32 42.912 10.912
1397530801 32 42.350 10.350
1397531701 0 42.012 0
1397532601 0 41.450 0
1397533501 31 41.112 10.112
1397534401 31 40.775 9.775
1397535301 30 40.550 10.550
1397536201 30 40.325 10.325
1397537101 0 39.875 0
1397538001 0 39.762 0
1397538901 0 39.537 0
1397539801 0 39.312 0
1397540702 0 38.975 0
1397541601 0 38.750 0
1397542501 27 38.975 11.975
1397543401 0 39.312 0
1397544301 27 39.312 12.312
1397545201 0 39.200 0
1397546101 0 38.862 0
1397547001 0 38.637 0
1397547901 0 38.412 0
1397548801 26 38.187 12.187
1397549701 0 38.075 0
1397550601 0 37.850 0
1397551501 0 37.625 0
1397552401 0 37.512 0
1397553301 0 37.287 0
1397554201 0 37.175 0
1397555101 0 36.950 0
1397556001 0 36.725 0
1397556901 0 36.612 0
1397557801 0 36.500 0
1397558701 25 36.275 11.275
1397559601 0 36.050 0
1397560501 24 35.937 11.937
1397561401 24 35.937 11.937
1397562301 24 36.275 12.275
1397563201 24 37.175 13.175
1397564101 24 38.187 14.187
1397565001 25 39.425 14.425
1397565901 25 41.562 16.562
1397566801 25 43.700 18.700
1397567701 27 45.950 18.950
1397568601 27 49.325 22.325
1397569501 27 51.687 24.687
1397570401 27 58.325 31.325
1397571301 27 62.487 35.487
1397572201 0 65.412 0
1397573101 29 57.762 28.762
1397574001 29 62.712 33.712
1397574901 30 64.062 34.062
1397575801 30 68.450 38.450
1397576701 30 68.225 38.225
1397577601 30 72.050 42.050
1397578501 32 74.075 42.075
1397579401 32 75.762 43.762
1397580301 32 79.587 47.587
1397581201 32 81.950 49.950
1397582101 34 70.362 36.362
1397583001 34 72.387 38.387
1397583901 34 74.075 40.075
1397584801 34 73.062 39.062
1397585701 35 72.500 37.500
1397586601 35 73.625 38.625
1397587501 35 74.412 39.412
1397588401 35 78.350 43.350
1397589301 36 79.362 43.362
1397590201 36 74.300 38.300
1397591101 36 74.862 38.862
1397592001 36 74.975 38.975
1397592901 38 76.437 38.437
1397593801 38 72.725 34.725
1397594701 0 71.262 0
1397595601 38 72.837 34.837
1397596501 39 70.475 31.475
1397597401 39 67.437 28.437
1397598301 39 72.612 33.612
1397599202 39 73.850 34.850
1397600101 40 76.662 36.662
1397601001 40 75.875 35.875
1397601901 40 75.650 35.650
1397602801 40 74.975 34.975
1397603701 39 73.737 34.737
1397604601 39 71.150 32.150
1397605501 39 66.312 27.312
1397606401 39 61.587 22.587
1397607301 39 59.000 20.000
1397608202 39 56.187 17.187
1397609101 39 53.937 14.937
1397610001 39 52.137 13.137
1397610901 37 52.812 15.812
1397611801 37 52.812 15.812
1397612701 37 52.025 15.025
1397613601 37 50.562 13.562
1397614501 37 49.100 12.100
1397615401 33 47.750 14.750
1397616301 33 46.625 13.625
1397617201 33 45.500 12.500
1397618101 29 44.712 15.712
1397619001 29 44.037 15.037
1397619901 29 43.362 14.362
1397620801 29 42.800 13.800
1397621701 29 42.462 13.462
1397622601 29 41.562 12.562
1397623501 29 40.662 11.662
1397624401 29 39.875 10.875
1397625301 31 39.312 8.312
1397626201 31 38.637 7.637
1397627101 31 38.862 7.862
1397628001 31 37.850 6.850
1397628901 32 37.512 5.512
1397629801 32 37.962 5.962
1397630701 32 38.300 6.300
1397631601 32 40.887 8.887
1397632501 33 43.025 10.025
1397633401 33 43.250 10.250
1397634301 33 42.462 9.462
1397635201 33 42.012 9.012
1397636101 32 42.012 10.012
1397637001 0 41.787 0
1397637901 32 41.337 9.337
1397638801 32 41.225 9.225
1397639701 33 41.225 8.225
1397640601 33 41.000 8.000
1397641501 33 40.887 7.887
1397642401 33 40.775 7.775
1397643301 35 40.887 5.887
1397644201 35 40.775 5.775
1397645101 35 40.887 5.887
1397646001 35 40.887 5.887
1397646901 36 41.112 5.112
1397647801 36 41.450 5.450
1397648701 36 42.012 6.012
1397649601 36 43.587 7.587
1397650501 36 45.050 9.050
1397651401 36 46.287 10.287
1397652301 36 48.312 12.312
1397653201 36 50.787 14.787
1397654101 37 54.050 17.050
1397655001 37 57.087 20.087
1397655901 37 59.225 22.225
1397656801 37 62.262 25.262
1397657701 40 68.787 28.787
1397658601 40 73.400 33.400
1397659501 40 78.237 38.237
1397660401 40 78.237 38.237
1397661301 40 66.425 26.425
1397662201 44 71.037 27.037
1397663101 44 73.175 29.175
1397664001 44 76.887 32.887
1397664901 44 82.625 38.625
1397665801 48 83.750 35.750
1397666701 48 84.200 36.200
1397667601 48 85.212 37.212
1397668501 48 86.000 38.000
1397669401 51 86.675 35.675
1397670301 51 87.012 36.012
1397671202 51 87.237 36.237
1397672101 51 84.762 33.762
1397673001 56 85.887 29.887
1397673901 56 86.562 30.562
1397674801 56 87.687 31.687
1397675701 56 88.812 32.812
1397676601 58 88.475 30.475
1397677501 58 86.112 28.112
1397678401 58 81.050 23.050
1397679301 57 80.825 23.825
1397680201 57 78.237 21.237
1397681101 57 79.362 22.362
1397682001 57 76.887 19.887
1397682901 57 71.937 14.937
1397683801 56 70.362 14.362
1397684701 56 69.912 13.912
1397685601 56 70.025 14.025
1397686501 57 76.437 19.437
1397687401 57 76.887 19.887
1397688301 57 75.087 18.087
1397689201 57 70.587 13.587
1397690101 57 66.425 9.425
1397691001 56 64.062 8.062
1397691901 56 62.262 6.262
1397692801 56 60.800 4.800
1397693701 55 59.337 4.337
1397694601 55 57.987 2.987
1397695501 55 56.750 1.750
1397696401 55 55.737 .737
1397697301 55 54.837 -.163
1397698201 53 53.937 .937
1397699101 53 53.037 .037
1397700001 53 51.912 -1.088
1397700901 51 51.125 .125
1397701801 0 50.337 0
1397702701 0 49.662 0
1397703601 51 49.437 -1.563
1397704501 51 49.437 -1.563
1397705401 50 48.875 -1.125
1397706301 50 48.200 -1.800
1397707201 50 47.525 -2.475
1397708101 48 47.075 -.925
1397709001 48 46.737 -1.263
1397709901 48 46.287 -1.713
1397710801 48 46.175 -1.825
1397711701 48 46.512 -1.488
1397712601 48 46.850 -1.150
1397713501 48 46.962 -1.038
1397714401 48 46.737 -1.263
1397715301 48 46.287 -1.713
1397716201 48 45.725 -2.275
1397717101 48 45.387 -2.613
1397718001 48 45.050 -2.950
1397718901 45 44.712 -.288
1397719801 45 44.712 -.288
1397720701 45 45.275 .275
1397721601 45 45.612 .612
1397722501 45 46.062 1.062
1397723401 42 46.062 4.062
1397724301 42 45.950 3.950
1397725201 0 45.612 0
1397726101 39 45.275 6.275
1397727001 38 45.050 7.050
1397727901 38 44.600 6.600
1397728801 38 44.262 6.262
1397729701 38 43.812 5.812
1397730601 37 43.362 6.362
1397731501 37 43.250 6.250
1397732401 37 42.687 5.687
1397733301 36 42.462 6.462
1397734201 36 42.350 6.350
1397735101 36 42.125 6.125
1397736001 36 42.237 6.237
1397736901 35 42.350 7.350
1397737801 35 42.912 7.912
1397738701 35 44.487 9.487
1397739601 35 45.500 10.500
1397740501 36 46.512 10.512
1397741401 36 47.187 11.187
1397742301 36 46.737 10.737
1397743201 36 47.637 11.637
1397744101 36 48.650 12.650
1397745001 36 49.212 13.212
1397745901 36 50.337 14.337
1397746801 36 51.912 15.912
1397747701 37 53.037 16.037
1397748601 37 54.050 17.050
1397749501 37 54.387 17.387
1397750401 37 56.300 19.300
1397751301 39 57.762 18.762
1397752201 39 60.687 21.687
1397753101 39 63.275 24.275
1397754001 39 63.500 24.500
1397754901 42 64.400 22.400
1397755801 42 65.750 23.750
1397756701 42 67.662 25.662
1397757601 42 68.000 26.000
1397758501 42 73.175 31.175
1397759401 43 75.762 32.762
1397760301 43 77.337 34.337
1397761201 43 77.337 34.337
1397762101 46 76.662 30.662
1397763001 46 80.375 34.375
1397763901 46 81.725 35.725
1397764801 46 74.862 28.862
1397765701 47 78.800 31.800
1397766601 47 71.825 24.825
1397767501 47 65.412 18.412
1397768401 47 66.537 19.537
1397769301 50 67.437 17.437
1397770201 50 68.562 18.562
1397771101 50 71.037 21.037
1397772001 50 73.737 23.737
1397772901 50 66.200 16.200
1397773801 50 67.437 17.437
1397774701 50 67.662 17.662
1397775601 50 67.550 17.550
1397776501 50 66.650 16.650
1397777401 50 64.962 14.962
1397778301 50 63.950 13.950
1397779201 50 61.925 11.925
1397780101 50 59.900 9.900
1397781001 50 58.212 8.212
1397781901 50 55.512 5.512
1397782801 50 53.825 3.825
1397783701 50 52.137 2.137
1397784601 46 51.237 5.237
1397785501 46 50.337 4.337
1397786401 46 49.437 3.437
1397787301 46 49.100 3.100
1397788201 41 48.425 7.425
1397789101 41 47.637 6.637
1397790001 41 47.075 6.075
1397790901 41 46.512 5.512
1397791801 37 46.062 9.062
1397792701 37 45.500 8.500
1397793601 37 44.937 7.937
1397794501 36 44.487 8.487
1397795401 36 43.812 7.812
1397796301 36 43.475 7.475
1397797201 36 43.025 7.025
1397798101 36 42.350 6.350
1397799001 32 42.012 10.012
1397799901 32 41.675 9.675
1397800801 32 41.450 9.450
1397801701 32 40.775 8.775
1397802601 32 40.550 8.550
1397803501 32 40.100 8.100
1397804401 32 39.875 7.875
1397805301 32 39.650 7.650
1397806201 31 39.312 8.312
1397807101 31 39.087 8.087
1397808001 31 38.975 7.975
1397808901 30 38.637 8.637
1397809801 30 38.412 8.412
1397810701 30 38.187 8.187
1397811601 30 37.962 7.962
1397812501 30 37.400 7.400
1397813401 29 37.512 8.512
1397814301 29 37.062 8.062
1397815201 29 36.837 7.837
1397816101 0 36.725 0
1397817001 29 36.500 7.500
1397817901 29 36.275 7.275
1397818801 29 36.162 7.162
1397819701 28 35.937 7.937
1397820601 28 36.050 8.050
1397821501 28 36.500 8.500
1397822401 28 37.512 9.512
1397823301 28 38.975 10.975
1397824201 28 40.775 12.775
1397825101 28 43.250 15.250
1397826002 28 46.062 18.062
1397826901 28 49.775 21.775
1397827801 28 54.275 26.275
1397828701 28 60.012 32.012
1397829601 28 62.825 34.825
1397830501 39 66.762 27.762
1397831401 39 70.137 31.137
1397832301 39 71.600 32.600
1397833201 39 72.500 33.500
1397834101 39 73.962 34.962
1397835001 42 76.437 34.437
1397835901 42 79.587 37.587
1397836801 42 80.375 38.375
1397837701 42 81.162 39.162
1397838601 46 84.537 38.537
1397839501 46 83.525 37.525
1397840401 46 85.100 39.100
1397841301 46 95.450 49.450
1397842201 51 96.912 45.912
