1365122771 54 65.525 11.525
1365123372 54 64.962 10.962
1365123973 54 64.512 10.512
1365124574 47 63.950 16.950
1365125175 54 63.387 9.387
1365125776 54 62.825 8.825
1365126377 54 62.375 8.375
1365126978 47 61.812 14.812
1365127579 47 61.137 14.137
1365128181 47 60.800 13.800
1365128782 47 60.687 13.687
1365129383 47 60.350 13.350
1365129984 43 60.012 17.012
1365130585 43 59.675 16.675
1365131186 43 59.562 16.562
1365131787 40 59.225 19.225
1365132388 43 58.887 15.887
1365132989 43 58.662 15.662
1365133590 40 58.325 18.325
1365134191 40 58.100 18.100
1365134792 40 57.762 17.762
1365135393 40 58.100 18.100
1365135994 39 57.762 18.762
1365136595 39 57.762 18.762
1365137197 39 57.425 18.425
1365137798 39 57.425 18.425
1365138399 39 57.087 18.087
1365139000 39 56.975 17.975
1365139601 41 56.637 15.637
1365140202 41 56.637 15.637
1365140803 41 56.525 15.525
1365141404 41 56.187 15.187
1365142005 41 56.300 15.300
1365142606 41 56.075 15.075
1365143207 41 55.737 14.737
1365143808 36 55.737 19.737
1365144409 36 55.400 19.400
1365145010 36 55.512 19.512
1365145611 33 55.625 22.625
1365146212 36 55.062 19.062
1365146813 33 55.175 22.175
1365147414 33 55.287 22.287
1365148015 33 54.725 21.725
1365148616 33 54.837 21.837
1365149217 32 54.950 22.950
1365149818 33 54.387 21.387
1365150419 32 54.387 22.387
1365151020 32 54.725 22.725
1365151621 32 54.050 22.050
1365152222 32 54.387 22.387
1365152823 31 54.612 23.612
1365153425 32 53.825 21.825
1365154026 32 54.612 22.612
1365154627 31 53.600 22.600
1365155228 31 54.050 23.050
1365155829 31 53.712 22.712
1365156430 31 53.712 22.712
1365157031 31 53.937 22.937
1365157632 30 53.600 23.600
1365158233 30 53.600 23.600
1365158834 30 53.712 23.712
1365159435 30 53.487 23.487
1365160036 30 53.262 23.262
1365160637 30 53.825 23.825
1365161238 29 53.825 24.825
1365161839 30 52.812 22.812
1365162440 29 53.937 24.937
1365163041 29 53.937 24.937
1365163642 29 52.812 23.812
1365164243 29 53.937 24.937
1365164844 29 54.050 25.050
1365165445 29 53.150 24.150
1365166046 29 53.937 24.937
1365166648 29 54.612 25.612
1365167249 34 54.837 20.837
1365167850 34 55.287 21.287
1365168451 34 55.962 21.962
1365169052 34 56.862 22.862
1365169653 34 58.437 24.437
1365170254 34 60.575 26.575
1365170855 40 62.825 22.825
1365171456 34 64.962 30.962
1365172057 40 67.100 27.100
1365172658 40 69.237 29.237
1365173259 34 71.375 37.375
1365173860 40 73.625 33.625
1365174461 43 75.875 32.875
1365175062 43 78.012 35.012
1365175663 40 80.262 40.262
1365176264 40 82.512 42.512
1365176865 43 84.200 41.200
1365177466 43 85.212 42.212
1365178067 43 87.575 44.575
1365178668 43 90.050 47.050
1365179269 46 93.200 47.200
1365179870 46 97.025 51.025
1365180471 46 99.387 53.387
1365181073 46 100.062 54.062
1365181674 46 100.175 54.175
1365182275 46 100.625 54.625
1365182876 46 101.525 55.525
1365183477 46 103.325 57.325
1365184078 49 101.750 52.750
1365184679 49 101.862 52.862
1365185280 49 103.550 54.550
1365185883 49 101.525 52.525
1365186484 49 96.462 47.462
1365187085 51 93.312 42.312
1365187686 51 91.400 40.400
1365188287 51 90.612 39.612
1365188889 52 86.112 34.112
1365189490 51 85.212 34.212
1365190091 52 84.762 32.762
1365190692 52 83.750 31.750
1365191293 52 82.850 30.850
1365191894 52 82.287 30.287
1365192495 53 81.275 28.275
1365193096 52 81.162 29.162
1365193697 53 80.600 27.600
1365194298 53 78.912 25.912
1365194899 53 77.000 24.000
1365195500 53 75.425 22.425
1365196101 53 74.862 21.862
1365196702 53 74.187 21.187
1365197303 53 73.400 20.400
1365197904 53 73.737 20.737
1365198505 53 74.750 21.750
1365199106 53 74.187 21.187
1365199707 53 73.512 20.512
1365200308 53 72.500 19.500
1365200910 54 71.150 17.150
1365201511 54 70.475 16.475
1365202112 54 69.912 15.912
1365202713 54 69.687 15.687
1365203314 54 68.900 14.900
1365203915 54 68.337 14.337
1365204516 53 67.775 14.775
1365205117 53 66.987 13.987
1365205718 53 66.312 13.312
1365206319 53 65.750 12.750
1365206920 53 65.412 12.412
1365207521 53 64.625 11.625
1365208122 53 63.725 10.725
1365208723 51 63.162 12.162
1365209324 51 62.712 11.712
1365209925 51 62.375 11.375
1365210526 51 62.037 11.037
1365211127 51 61.812 10.812
1365211728 51 61.700 10.700
1365212330 51 61.362 10.362
1365212931 48 61.025 13.025
1365213532 48 60.800 12.800
1365214133 47 60.462 13.462
1365214734 47 60.237 13.237
1365215335 47 60.012 13.012
1365215936 47 59.900 12.900
1365216537 48 59.675 11.675
1365217138 47 59.450 12.450
1365217739 47 59.337 12.337
1365218340 47 59.225 12.225
1365218941 46 59.225 13.225
1365219542 47 59.000 12.000
1365220143 46 58.662 12.662
1365220744 46 58.662 12.662
1365221345 45 58.325 13.325
1365221946 46 58.212 12.212
1365222547 46 58.100 12.100
1365223148 45 57.987 12.987
1365223749 45 57.875 12.875
1365224350 45 57.875 12.875
1365224951 45 57.650 12.650
1365225552 46 57.425 11.425
1365226153 46 57.312 11.312
1365226754 46 57.087 11.087
1365227356 46 57.200 11.200
1365227957 46 56.975 10.975
1365228558 46 56.862 10.862
1365229159 46 56.750 10.750
1365229760 45 56.412 11.412
1365230361 45 56.412 11.412
1365230962 45 56.525 11.525
1365231563 45 56.187 11.187
1365232164 45 56.300 11.300
1365232765 45 56.187 11.187
1365233366 44 55.850 11.850
1365233967 44 55.850 11.850
1365234568 44 55.625 11.625
1365235169 44 55.737 11.737
1365235770 44 55.512 11.512
1365236371 44 55.287 11.287
1365236972 43 55.400 12.400
1365237573 43 55.400 12.400
1365238174 43 55.175 12.175
1365238775 43 54.950 11.950
1365239376 43 55.062 12.062
1365239977 43 55.175 12.175
1365240578 43 55.287 12.287
1365241179 43 54.950 11.950
1365241780 43 54.950 11.950
1365242382 43 54.500 11.500
1365242983 43 54.837 11.837
1365243584 43 54.837 11.837
1365244185 43 54.612 11.612
1365244786 43 54.837 11.837
1365245387 43 54.612 11.612
1365245988 43 53.937 10.937
1365246589 43 54.275 11.275
1365247190 43 54.500 11.500
1365247791 44 54.387 10.387
1365248392 44 54.275 10.275
1365248993 44 54.612 10.612
1365249594 44 54.500 10.500
1365250195 44 54.500 10.500
1365250796 44 54.725 10.725
1365251397 45 54.725 9.725
1365251998 44 54.950 10.950
1365252599 45 55.175 10.175
1365253200 45 55.400 10.400
1365253802 45 55.062 10.062
1365254403 45 54.725 9.725
1365255004 47 54.950 7.950
1365255605 45 55.512 10.512
1365256206 47 56.525 9.525
1365256807 47 57.875 10.875
1365257408 50 59.787 9.787
1365258009 47 61.475 14.475
1365258611 47 63.725 16.725
1365259212 50 64.850 14.850
1365259813 50 64.512 14.512
1365260414 50 65.750 15.750
1365261015 50 66.425 16.425
1365261616 54 67.212 13.212
1365262217 54 67.775 13.775
1365262818 54 67.437 13.437
1365263419 54 66.987 12.987
1365264020 54 67.100 13.100
1365264621 62 68.000 6.000
1365265222 62 69.125 7.125
1365265823 62 68.787 6.787
1365266424 62 67.775 5.775
1365267026 62 66.537 4.537
1365267627 62 65.525 3.525
1365268228 60 64.625 4.625
1365268829 62 64.400 2.400
1365269430 60 64.962 4.962
1365270031 62 65.075 3.075
1365270632 60 65.412 5.412
1365271233 60 66.087 6.087
1365271834 60 66.650 6.650
1365272435 60 68.337 8.337
1365273038 60 71.600 11.600
1365273639 60 72.162 12.162
1365274240 60 74.075 14.075
1365274841 62 78.237 16.237
1365275442 62 74.187 12.187
1365276043 62 72.275 10.275
1365276644 68 69.800 1.800
1365277245 62 68.112 6.112
1365277846 68 67.662 -.338
1365278447 68 67.100 -.900
1365279048 68 66.425 -1.575
1365279649 64 65.862 1.862
1365280250 64 65.412 1.412
1365280851 64 65.075 1.075
1365281452 68 64.737 -3.263
1365282053 64 64.512 .512
1365282654 62 64.287 2.287
1365283255 64 63.950 -.050
1365283857 62 63.837 1.837
1365284458 62 63.837 1.837
1365285059 62 63.275 1.275
1365285660 62 62.825 .825
1365286261 62 62.937 .937
1365286862 62 63.275 1.275
1365287463 62 63.950 1.950
1365288064 61 64.512 3.512
1365288665 61 64.175 3.175
1365289266 61 63.387 2.387
1365289867 61 62.937 1.937
1365290468 61 62.262 1.262
1365291069 61 61.925 .925
1365291670 61 61.587 .587
1365292271 61 61.362 .362
1365292872 61 61.137 .137
1365293473 61 61.250 .250
1365294074 61 61.137 .137
1365294675 58 61.137 3.137
1365295277 57 60.800 3.800
1365295878 58 60.350 2.350
1365296479 58 59.675 1.675
1365297080 54 59.337 5.337
1365297681 58 58.887 .887
1365298282 52 58.437 6.437
1365298883 52 58.100 6.100
1365299484 52 57.875 5.875
1365300085 52 57.762 5.762
1365300686 52 57.762 5.762
1365301287 50 57.650 7.650
1365301888 50 57.537 7.537
1365302489 48 57.425 9.425
1365303090 50 57.200 7.200
1365303691 48 56.975 8.975
1365304292 48 56.750 8.750
1365304893 49 56.637 7.637
1365305494 48 56.412 8.412
1365306095 49 56.187 7.187
1365306696 49 56.075 7.075
1365307297 49 55.962 6.962
1365307898 46 55.962 9.962
1365308499 46 55.737 9.737
1365309100 46 55.512 9.512
1365309701 44 55.400 11.400
1365310302 44 55.287 11.287
1365310904 44 55.175 11.175
1365311505 45 54.950 9.950
1365312106 45 54.837 9.837
1365312707 45 54.612 9.612
1365313308 45 54.725 9.725
1365313909 45 54.612 9.612
1365314510 45 54.387 9.387
1365315111 45 54.500 9.500
1365315712 44 54.275 10.275
1365316313 45 54.275 9.275
1365316914 44 54.162 10.162
1365317515 44 53.825 9.825
1365318116 43 53.825 10.825
1365318717 43 53.825 10.825
1365319318 43 53.487 10.487
1365319919 42 53.487 11.487
1365320520 41 53.262 12.262
1365321122 42 53.487 11.487
1365321723 41 53.150 12.150
1365322324 41 53.262 12.262
1365322925 41 52.925 11.925
1365323526 39 52.925 13.925
1365324127 39 52.925 13.925
1365324728 39 53.037 14.037
1365325329 39 52.587 13.587
1365325930 39 52.587 13.587
1365326531 39 52.587 13.587
1365327132 37 52.812 15.812
1365327734 37 52.250 15.250
1365328335 37 52.362 15.362
1365328936 37 52.700 15.700
1365329537 37 52.025 15.025
1365330138 37 52.025 15.025
1365330739 37 52.362 15.362
1365331340 37 52.250 15.250
1365331941 37 51.912 14.912
1365332542 37 52.137 15.137
1365333143 37 52.250 15.250
1365333744 37 51.800 14.800
1365334345 36 52.137 16.137
1365334946 36 52.137 16.137
1365335547 36 51.687 15.687
1365336148 36 52.137 16.137
1365336749 36 52.587 16.587
1365337350 36 52.250 16.250
1365337951 33 52.475 19.475
1365338552 36 53.037 17.037
1365339153 33 52.812 19.812
1365339754 33 53.487 20.487
1365340355 33 53.712 20.712
1365340956 36 54.275 18.275
1365341557 37 54.500 17.500
1365342158 37 55.175 18.175
1365342759 37 55.737 18.737
1365343361 37 57.087 20.087
1365343962 37 59.112 22.112
1365344563 37 61.137 24.137
1365345164 37 63.612 26.612
1365345765 37 66.987 29.987
1365346366 41 68.675 27.675
1365346967 41 68.787 27.787
1365347568 41 71.712 30.712
1365348169 41 74.300 33.300
1365348770 41 76.662 35.662
1365349371 42 78.800 36.800
1365349972 42 80.825 38.825
1365350573 42 82.850 40.850
1365351175 47 84.875 37.875
1365351776 45 87.237 42.237
1365352377 45 90.387 45.387
1365352978 47 92.975 45.975
1365353579 47 92.412 45.412
1365354180 47 93.312 46.312
1365354781 50 93.650 43.650
1365355382 50 94.212 44.212
1365355983 47 95.900 48.900
1365356584 50 96.575 46.575
1365357185 50 96.237 46.237
1365357786 50 97.362 47.362
1365358387 52 98.937 46.937
1365358988 50 100.962 50.962
1365359589 50 104.675 54.675
1365360190 52 105.237 53.237
1365360791 52 104.000 52.000
1365361392 52 101.975 49.975
1365361993 52 101.862 49.862
1365362594 52 101.750 49.750
1365363195 55 101.637 46.637
1365363796 55 102.200 47.200
1365364398 55 102.425 47.425
1365364999 55 101.187 46.187
1365365600 55 99.387 44.387
1365366201 55 99.725 44.725
1365366802 55 99.950 44.950
1365367403 59 101.075 42.075
1365368004 59 102.087 43.087
1365368605 59 101.412 42.412
1365369206 59 100.287 41.287
1365369807 59 98.600 39.600
1365370408 60 98.600 38.600
1365371009 60 99.162 39.162
1365371610 60 99.162 39.162
1365372211 60 96.012 36.012
1365372812 60 94.325 34.325
1365373413 62 92.862 30.862
1365374014 60 89.375 29.375
1365374615 62 87.012 25.012
1365375216 62 84.762 22.762
1365375817 62 81.837 19.837
1365376418 63 79.700 16.700
1365377019 62 77.900 15.900
1365377620 62 76.100 14.100
1365378221 63 74.750 11.750
1365378822 63 74.075 11.075
1365379424 63 73.175 10.175
1365380025 63 72.612 9.612
1365380626 63 71.825 8.825
1365381227 60 69.462 9.462
1365381828 60 69.462 9.462
1365382429 60 68.000 8.000
1365383030 60 67.325 7.325
1365383631 60 67.325 7.325
1365384232 60 67.212 7.212
1365384833 58 67.100 9.100
1365385434 58 66.875 8.875
1365386035 58 66.762 8.762
1365386636 58 66.312 8.312
1365387237 56 66.200 10.200
1365387838 58 65.750 7.750
1365388439 56 65.525 9.525
1365389040 58 64.962 6.962
1365389641 58 64.737 6.737
1365390242 56 64.287 8.287
1365390843 56 64.062 8.062
1365391445 56 63.725 7.725
1365392046 54 63.612 9.612
1365392647 54 63.500 9.500
1365393248 54 63.275 9.275
1365393849 54 63.050 9.050
1365394450 52 62.712 10.712
1365395051 54 62.825 8.825
1365395652 54 62.712 8.712
1365396253 52 62.487 10.487
1365396854 52 62.487 10.487
1365397455 52 62.262 10.262
1365398056 52 62.262 10.262
1365398657 53 62.037 9.037
1365399258 53 62.037 9.037
1365399859 53 62.150 9.150
1365400460 53 62.037 9.037
1365401061 53 62.037 9.037
1365401662 53 61.925 8.925
1365402263 53 61.812 8.812
1365402864 53 61.700 8.700
1365403465 53 61.475 8.475
1365404066 53 61.362 8.362
1365404667 54 61.362 7.362
1365405268 54 61.250 7.250
1365405869 54 61.137 7.137
1365406470 54 60.687 6.687
1365407071 54 60.462 6.462
1365407672 54 60.125 6.125
1365408273 54 59.900 5.900
1365408874 54 59.675 5.675
1365409475 54 59.675 5.675
1365410077 50 59.562 9.562
1365410678 48 59.562 11.562
1365411280 48 59.337 11.337
1365411881 50 59.337 9.337
1365412482 48 59.112 11.112
1365413083 48 59.000 11.000
1365413684 48 58.887 10.887
1365414285 48 58.887 10.887
1365414886 48 58.662 10.662
1365415487 48 58.550 10.550
1365416088 48 58.437 10.437
1365416689 48 58.212 10.212
1365417290 48 58.325 10.325
1365417891 48 58.100 10.100
1365418492 48 58.100 10.100
1365419093 48 57.875 9.875
1365419694 48 57.762 9.762
1365420295 47 57.650 10.650
1365420896 48 57.537 9.537
1365421497 47 57.537 10.537
1365422098 47 57.425 10.425
1365422699 46 57.312 11.312
1365423300 46 57.312 11.312
1365423901 46 57.425 11.425
1365424503 46 57.537 11.537
1365425104 47 57.875 10.875
1365425705 46 58.212 12.212
1365426306 47 58.100 11.100
1365426907 46 57.987 11.987
1365427508 46 57.987 11.987
1365428109 46 57.987 11.987
1365428710 47 57.762 10.762
1365429311 47 57.762 10.762
1365429912 47 58.550 11.550
1365430513 47 58.887 11.887
1365431114 47 60.462 13.462
1365431715 47 62.937 15.937
1365432316 47 67.775 20.775
1365432917 47 72.950 25.950
1365433518 49 77.112 28.112
1365434119 49 80.712 31.712
1365434720 55 82.062 27.062
1365435321 49 84.425 35.425
1365435922 55 86.112 31.112
1365436523 55 87.687 32.687
1365437124 55 89.937 34.937
1365437725 62 94.325 32.325
1365438326 62 100.850 38.850
1365438928 55 104.337 49.337
1365439529 62 107.825 45.825
1365440130 62 106.812 44.812
1365440731 62 106.700 44.700
1365441332 62 106.812 44.812
1365441933 65 108.162 43.162
1365442534 65 110.637 45.637
1365443135 65 110.525 45.525
1365443736 65 110.750 45.750
1365444337 65 112.437 47.437
1365444938 65 110.750 45.750
1365445540 65 115.812 50.812
1365446141 65 119.075 54.075
1365446742 67 122.562 55.562
1365447343 67 120.987 53.987
1365447944 67 119.862 52.862
1365448545 67 116.150 49.150
1365449146 69 112.100 43.100
1365449747 69 108.387 39.387
1365450349 69 110.187 41.187
1365450950 69 106.925 37.925
1365451551 69 103.775 34.775
1365452152 69 102.200 33.200
1365452753 69 100.287 31.287
1365453354 69 103.662 34.662
1365453955 69 107.937 38.937
1365454556 70 108.837 38.837
1365455157 70 108.725 38.725
1365455759 70 106.700 36.700
1365456360 71 106.025 35.025
1365456961 71 104.562 33.562
1365457562 71 102.650 31.650
1365458163 71 100.512 29.512
1365458764 71 97.812 26.812
1365459365 71 96.800 25.800
1365459966 71 95.112 24.112
1365460567 71 93.087 22.087
1365461169 71 91.175 20.175
1365461770 72 89.262 17.262
1365462371 72 87.237 15.237
1365462972 72 85.775 13.775
1365463573 72 84.762 12.762
1365464174 72 83.525 11.525
1365464775 71 82.400 11.400
1365465376 71 81.500 10.500
1365465977 71 80.375 9.375
1365466578 71 79.250 8.250
1365467180 71 78.012 7.012
1365467781 71 76.775 5.775
1365468382 71 76.100 5.100
1365468983 68 75.312 7.312
1365469584 68 74.525 6.525
1365470186 68 73.737 5.737
1365470787 65 73.175 8.175
1365471388 65 72.837 7.837
1365471989 65 72.387 7.387
1365472590 65 71.937 6.937
1365473191 65 71.712 6.712
1365473792 60 71.375 11.375
1365474393 60 71.037 11.037
1365474994 65 70.812 5.812
1365475595 60 70.362 10.362
1365476196 60 69.912 9.912
1365476797 58 69.687 11.687
1365477398 60 69.575 9.575
1365477999 58 69.350 11.350
1365478600 58 69.125 11.125
1365479201 58 68.787 10.787
1365479802 58 68.562 10.562
1365480403 58 68.450 10.450
1365481004 58 68.337 10.337
1365481605 58 68.225 10.225
1365482206 58 68.112 10.112
1365482808 58 68.112 10.112
1365483409 58 67.887 9.887
1365484010 58 67.662 9.662
1365484611 58 67.437 9.437
1365485212 58 67.100 9.100
1365485813 58 66.987 8.987
1365486414 60 66.875 6.875
1365487015 60 66.987 6.987
1365487616 60 66.987 6.987
1365488217 60 66.875 6.875
1365488818 59 66.762 7.762
1365489419 60 66.537 6.537
1365490020 57 66.087 9.087
1365490621 57 65.975 8.975
1365491222 55 65.637 10.637
1365491823 55 65.187 10.187
1365492424 57 65.300 8.300
1365493026 55 65.187 10.187
1365493627 57 64.962 7.962
1365494228 55 64.850 9.850
1365494829 57 64.737 7.737
1365495430 57 64.512 7.512
1365496031 56 64.400 8.400
1365496632 56 64.400 8.400
1365497233 56 64.287 8.287
1365497834 56 64.175 8.175
1365498435 56 63.950 7.950
1365499036 54 64.062 10.062
1365499637 54 63.837 9.837
1365500238 54 63.275 9.275
1365500839 54 63.050 9.050
1365501440 54 62.937 8.937
1365502041 54 62.712 8.712
1365502642 54 62.487 8.487
1365503243 52 62.487 10.487
1365503844 52 62.262 10.262
1365504445 52 62.037 10.037
1365505046 52 61.925 9.925
1365505647 52 61.925 9.925
1365506248 51 61.587 10.587
1365506849 52 61.475 9.475
1365507450 52 61.587 9.587
1365508051 51 61.475 10.475
1365508653 51 61.137 10.137
1365509254 51 60.800 9.800
1365509855 51 59.450 8.450
1365510456 51 60.125 9.125
1365511057 51 60.912 9.912
1365511658 51 60.912 9.912
1365512259 48 61.025 13.025
1365512860 48 60.912 12.912
1365513461 48 61.025 13.025
1365514065 48 61.362 13.362
1365514667 49 61.362 12.362
1365515268 49 61.137 12.137
1365515869 48 60.912 12.912
1365516470 49 60.912 11.912
1365517071 48 61.587 13.587
1365517672 49 61.362 12.362
1365518273 49 60.912 11.912
1365518874 49 60.912 11.912
1365519475 48 60.687 12.687
1365520076 48 60.350 12.350
1365520677 48 60.012 12.012
1365521278 48 59.562 11.562
1365521879 48 59.787 11.787
1365522480 48 60.237 12.237
1365523082 48 60.800 12.800
1365523683 48 60.575 12.575
1365524284 48 62.262 14.262
1365524885 48 67.550 19.550
1365525486 49 70.250 21.250
1365526087 50 76.662 26.662
1365526688 49 81.275 32.275
1365527289 52 84.425 32.425
1365527890 52 88.137 36.137
1365528491 52 80.487 28.487
1365529092 54 74.862 20.862
1365529693 54 73.175 19.175
1365530294 54 71.487 17.487
1365530895 54 71.712 17.712
1365531496 57 71.487 14.487
1365532097 54 70.700 16.700
1365532698 54 69.462 15.462
1365533299 57 69.687 12.687
1365533900 57 70.700 13.700
1365534501 55 70.025 15.025
1365535102 57 70.812 13.812
1365535703 55 72.837 17.837
1365536304 55 73.400 18.400
1365536906 55 71.937 16.937
1365537507 54 70.137 16.137
1365538108 54 69.125 15.125
1365538709 56 68.675 12.675
1365539310 56 68.112 12.112
1365539911 56 68.450 12.450
1365540513 56 68.675 12.675
1365541114 55 68.450 13.450
1365541715 55 67.887 12.887
1365542316 55 66.987 11.987
1365542917 53 65.975 12.975
1365543518 53 65.300 12.300
1365544120 53 65.412 12.412
1365544721 53 65.187 12.187
1365545322 53 64.737 11.737
1365545923 53 63.950 10.950
1365546524 53 63.162 10.162
1365547125 50 62.487 12.487
1365547726 50 62.037 12.037
1365548327 50 61.362 11.362
1365548928 50 60.912 10.912
1365549529 50 60.575 10.575
1365550130 46 60.237 14.237
1365550731 50 59.900 9.900
1365551332 46 59.562 13.562
1365551933 46 59.112 13.112
1365552534 46 58.662 12.662
1365553135 46 58.325 12.325
1365553736 45 58.100 13.100
1365554337 45 57.987 12.987
1365554938 45 57.537 12.537
1365555539 45 57.425 12.425
1365556141 45 57.200 12.200
1365556742 43 57.200 14.200
1365557343 45 57.087 12.087
1365557950 43 56.975 13.975
1365558551 43 56.750 13.750
1365559152 43 56.637 13.637
1365559753 43 56.637 13.637
1365560354 43 56.412 13.412
1365560955 43 56.187 13.187
1365561557 43 56.075 13.075
1365562158 43 55.962 12.962
1365562759 43 55.737 12.737
1365563360 43 55.512 12.512
1365563961 43 55.512 12.512
1365564562 43 55.287 12.287
1365565163 43 55.175 12.175
1365565764 43 55.512 12.512
1365566365 43 55.175 12.175
1365566966 43 55.062 12.062
1365567568 43 55.400 12.400
1365568169 43 55.175 12.175
1365568770 43 54.950 11.950
1365569371 43 54.725 11.725
1365569972 43 54.612 11.612
1365570573 43 55.175 12.175
1365571174 43 54.612 11.612
1365571775 43 55.062 12.062
1365572376 43 54.725 11.725
1365572977 43 54.612 11.612
1365573578 43 54.725 11.725
1365574179 43 54.162 11.162
1365574780 43 54.500 11.500
1365575381 42 54.500 12.500
1365575982 42 54.162 12.162
1365576583 42 53.487 11.487
1365577184 42 54.050 12.050
1365577786 42 53.600 11.600
1365578387 42 54.162 12.162
1365578988 42 53.487 11.487
1365579589 41 53.825 12.825
1365580190 41 53.262 12.262
1365580791 41 53.262 12.262
1365581392 41 53.487 12.487
1365581993 41 53.825 12.825
1365582594 41 53.375 12.375
1365583195 39 52.587 13.587
1365583796 39 52.812 13.812
1365584397 37 53.375 16.375
1365584998 38 52.925 14.925
1365585599 37 52.362 15.362
1365586200 38 52.700 14.700
1365586801 38 53.150 15.150
1365587402 38 52.475 14.475
1365588003 38 52.250 14.250
1365588604 37 52.812 15.812
1365589205 37 53.037 16.037
1365589806 37 52.475 15.475
1365590407 37 52.362 15.362
1365591008 37 52.700 15.700
1365591609 37 52.925 15.925
1365592211 37 51.800 14.800
1365592812 37 52.025 15.025
1365593413 37 52.700 15.700
1365594014 37 52.137 15.137
1365594615 37 52.700 15.700
1365595216 37 51.687 14.687
1365595817 37 52.475 15.475
1365596418 37 52.925 15.925
1365597019 36 53.150 17.150
1365597620 36 52.700 16.700
1365598221 36 51.912 15.912
1365598822 36 52.362 16.362
1365599423 36 52.700 16.700
1365600025 36 51.912 15.912
1365600626 36 52.700 16.700
1365601227 36 51.462 15.462
1365601828 37 52.137 15.137
1365602429 36 52.587 16.587
1365603030 36 52.362 16.362
1365603631 37 52.137 15.137
1365604232 37 52.700 15.700
1365604833 37 53.150 16.150
1365605434 37 53.375 16.375
1365606035 37 54.387 17.387
1365606636 37 54.500 17.500
1365607238 37 54.725 17.725
1365607839 37 54.162 17.162
1365608440 37 54.837 17.837
1365609041 37 53.487 16.487
1365609642 37 53.600 16.600
1365610243 37 53.937 16.937
1365610844 38 53.712 15.712
1365611445 38 53.037 15.037
1365612046 38 53.487 15.487
1365612647 38 54.050 16.050
1365613248 38 53.600 15.600
1365613849 38 54.050 16.050
1365614450 38 54.050 16.050
1365615051 38 54.950 16.950
1365615652 38 54.725 16.725
1365616253 38 53.937 15.937
1365616854 38 54.275 16.275
1365617455 38 53.937 15.937
1365618056 38 53.150 15.150
1365618657 38 53.600 15.600
1365619259 38 53.712 15.712
1365619860 38 52.812 14.812
1365620461 38 53.487 15.487
1365621062 38 53.600 15.600
1365621663 38 52.925 14.925
1365622264 38 53.037 15.037
1365622865 38 53.487 15.487
1365623466 38 53.150 15.150
1365624067 38 53.712 15.712
1365624668 37 53.487 16.487
1365625269 38 54.387 16.387
1365625870 38 53.825 15.825
1365626471 38 53.712 15.712
1365627072 38 54.387 16.387
1365627673 38 54.275 16.275
1365628274 38 54.950 16.950
1365628875 38 54.612 16.612
1365629476 40 54.950 14.950
1365630077 40 54.162 14.162
1365630678 40 54.275 14.275
1365631279 40 53.487 13.487
1365631880 40 53.487 13.487
1365632481 40 52.812 12.812
1365633082 40 53.037 13.037
1365633684 41 52.250 11.250
1365634285 41 52.362 11.362
1365634886 41 52.587 11.587
1365635487 41 51.800 10.800
1365636088 41 51.800 10.800
1365636689 41 52.137 11.137
1365637290 41 52.362 11.362
1365637891 41 52.250 11.250
1365638492 41 51.237 10.237
1365639093 41 51.462 10.462
1365639694 39 51.800 12.800
1365640295 41 51.800 10.800
1365640896 39 52.137 13.137
1365641497 39 50.900 11.900
1365642098 39 50.787 11.787
1365642699 39 51.350 12.350
1365643300 37 51.350 14.350
1365643901 37 50.337 13.337
1365644502 38 50.900 12.900
1365645103 38 51.575 13.575
1365645704 38 50.675 12.675
1365646306 38 50.787 12.787
1365646907 38 51.350 13.350
1365647508 38 51.012 13.012
1365648109 39 50.337 11.337
1365648710 39 51.012 12.012
1365649311 39 51.350 12.350
1365649912 39 50.000 11.000
1365650513 39 50.900 11.900
1365651114 39 51.350 12.350
1365651715 39 49.887 10.887
1365652316 39 50.675 11.675
1365652917 39 51.125 12.125
1365653518 39 51.350 12.350
1365654119 39 50.562 11.562
1365654720 39 50.337 11.337
1365655321 39 51.237 12.237
1365655922 39 50.787 11.787
1365656523 39 49.887 10.887
1365657124 39 50.675 11.675
1365657725 39 50.675 11.675
1365658326 39 51.125 12.125
1365658927 39 50.337 11.337
1365659529 39 50.337 11.337
1365660130 39 51.125 12.125
1365660731 39 50.337 11.337
1365661332 39 50.112 11.112
1365661933 39 50.787 11.787
1365662534 39 50.787 11.787
1365663135 39 50.787 11.787
1365663736 39 51.237 12.237
1365664337 39 50.000 11.000
1365664938 38 50.337 12.337
1365665539 38 50.900 12.900
1365666140 37 50.000 13.000
1365666741 38 49.887 11.887
1365667342 37 50.562 13.562
1365667943 37 50.562 13.562
1365668544 37 50.787 13.787
1365669145 38 51.125 13.125
1365669746 38 50.112 12.112
1365670347 38 50.000 12.000
1365670948 38 50.450 12.450
1365671549 39 50.450 11.450
1365672150 39 49.662 10.662
1365672751 39 50.337 11.337
1365673352 39 50.787 11.787
1365673953 39 49.887 10.887
1365674554 39 50.000 11.000
1365675155 39 50.337 11.337
1365675756 39 50.450 11.450
1365676358 39 51.012 12.012
1365676959 39 50.112 11.112
1365677560 39 49.887 10.887
1365678161 39 50.450 11.450
1365678762 39 50.337 11.337
1365679363 39 50.562 11.562
1365679964 39 50.112 11.112
1365680565 39 49.775 10.775
1365681166 39 50.450 11.450
1365681767 39 50.675 11.675
1365682368 39 49.775 10.775
1365682969 39 50.112 11.112
1365683570 39 50.562 11.562
1365684171 39 50.900 11.900
1365684772 39 50.337 11.337
1365685374 39 50.675 11.675
1365685975 39 51.350 12.350
1365686576 39 51.575 12.575
1365687177 39 51.462 12.462
1365687778 39 52.250 13.250
1365688379 39 52.362 13.362
1365688980 39 52.025 13.025
1365689581 39 52.475 13.475
1365690182 39 53.037 14.037
1365690783 40 53.037 13.037
1365691384 40 52.475 12.475
1365691985 40 52.587 12.587
1365692586 40 52.362 12.362
1365693187 40 53.487 13.487
1365693788 40 53.600 13.600
1365694390 40 54.050 14.050
1365694991 40 54.275 14.275
1365695592 40 54.050 14.050
1365696193 40 54.500 14.500
1365696794 41 54.387 13.387
1365697395 41 55.062 14.062
1365697996 41 54.837 13.837
1365698597 41 54.387 13.387
1365699198 41 54.500 13.500
1365699799 44 54.500 10.500
1365700400 44 54.612 10.612
1365701001 44 54.387 10.387
1365701602 44 54.500 10.500
1365702203 44 55.175 11.175
1365702804 43 56.862 13.862
1365703405 44 57.200 13.200
1365704006 44 56.975 12.975
1365704607 45 56.750 11.750
1365705208 43 55.962 12.962
1365705810 45 55.737 10.737
1365706411 45 55.175 10.175
1365707012 45 54.725 9.725
1365707613 45 54.837 9.837
1365708214 44 54.837 10.837
1365708815 44 54.950 10.950
1365709416 44 55.850 11.850
1365710017 44 58.100 14.100
1365710618 44 58.662 14.662
1365711219 45 59.562 14.562
1365711820 45 60.350 15.350
1365712421 45 60.575 15.575
1365713022 45 61.362 16.362
1365713623 45 62.262 17.262
1365714224 45 62.487 17.487
1365714825 44 60.687 16.687
1365715426 45 59.675 14.675
1365716027 44 58.775 14.775
1365716628 44 56.862 12.862
1365717229 44 56.187 12.187
1365717830 44 55.512 11.512
1365718431 44 54.500 10.500
1365719032 42 54.387 12.387
1365719633 42 53.150 11.150
1365720234 42 52.925 10.925
1365720835 42 53.037 11.037
1365721436 42 53.037 11.037
1365722037 42 52.925 10.925
1365722638 42 52.475 10.475
1365723240 40 52.475 12.475
1365723841 40 51.687 11.687
1365724442 40 51.575 11.575
1365725043 40 51.462 11.462
1365725644 39 51.575 12.575
1365726245 40 51.012 11.012
1365726846 40 51.462 11.462
1365727447 39 51.350 12.350
1365728048 39 50.450 11.450
1365728649 39 51.012 12.012
1365729250 39 49.775 10.775
1365729851 39 50.450 11.450
1365730452 39 50.337 11.337
1365731053 37 50.450 13.450
1365731654 37 50.225 13.225
1365732255 37 50.000 13.000
1365732856 37 50.112 13.112
1365733458 37 50.000 13.000
1365734059 36 50.112 14.112
1365734660 36 50.000 14.000
1365735261 36 50.000 14.000
1365735862 36 50.000 14.000
1365736463 36 50.225 14.225
1365737064 36 50.112 14.112
1365737665 36 50.112 14.112
1365738267 36 50.112 14.112
1365738868 36 50.112 14.112
1365739469 36 50.225 14.225
1365740070 36 50.225 14.225
1365740671 36 50.337 14.337
1365741272 36 50.337 14.337
1365741873 35 50.450 15.450
1365742474 35 50.450 15.450
1365743075 35 50.337 15.337
1365743676 35 50.562 15.562
1365744277 35 50.450 15.450
1365744878 35 50.450 15.450
1365745479 35 50.562 15.562
1365746080 35 50.562 15.562
1365746682 35 50.562 15.562
1365747283 35 50.675 15.675
1365747884 35 50.562 15.562
1365748485 35 50.562 15.562
1365749086 35 50.675 15.675
1365749687 36 50.562 14.562
1365750288 36 50.562 14.562
1365750889 36 50.562 14.562
1365751490 35 50.337 15.337
1365752092 36 50.337 14.337
1365752693 35 50.225 15.225
1365753294 35 49.887 14.887
1365753895 35 49.775 14.775
1365754496 35 49.662 14.662
1365755097 35 49.662 14.662
1365755698 35 49.662 14.662
1365756299 35 49.887 14.887
1365756900 36 50.000 14.000
1365757501 36 50.000 14.000
1365758102 36 50.000 14.000
1365758703 36 49.887 13.887
1365759304 36 50.000 14.000
1365759905 36 50.000 14.000
1365760506 36 50.000 14.000
1365761107 36 50.112 14.112
1365761708 36 50.225 14.225
1365762309 36 50.337 14.337
1365762910 36 50.225 14.225
1365763511 36 50.337 14.337
1365764112 36 50.337 14.337
1365764713 36 50.112 14.112
1365765314 36 50.112 14.112
1365765915 36 50.112 14.112
1365766516 36 50.225 14.225
1365767117 36 50.337 14.337
1365767718 36 50.337 14.337
1365768319 36 50.450 14.450
1365768921 36 50.675 14.675
1365769522 36 50.787 14.787
1365770123 36 50.787 14.787
1365770724 36 51.125 15.125
1365771325 36 50.787 14.787
1365771926 36 50.787 14.787
1365772527 36 50.787 14.787
1365773128 36 51.575 15.575
1365773729 36 52.137 16.137
1365774330 36 52.475 16.475
1365774931 36 52.475 16.475
1365775532 36 53.262 17.262
1365776133 36 53.037 17.037
1365776734 36 52.587 16.587
1365777336 36 52.700 16.700
1365777937 36 53.487 17.487
1365778538 36 53.150 17.150
1365779139 36 53.712 17.712
1365779745 36 53.712 17.712
1365780346 36 53.487 17.487
1365780947 36 54.500 18.500
1365781548 37 54.612 17.612
1365782149 36 54.725 18.725
1365782750 36 54.837 18.837
1365783351 37 54.837 17.837
1365783952 37 54.500 17.500
1365784553 37 55.287 18.287
1365785155 37 55.175 18.175
1365785756 37 54.050 17.050
1365786357 37 54.612 17.612
1365786958 37 54.725 17.725
1365787559 36 55.737 19.737
1365788160 37 56.075 19.075
1365788761 37 55.962 18.962
1365789362 37 56.300 19.300
1365789963 36 56.075 20.075
1365790564 36 55.962 19.962
1365791165 37 54.725 17.725
1365791766 36 55.400 19.400
1365792367 37 55.175 18.175
1365792968 37 55.175 18.175
1365793569 37 54.275 17.275
1365794170 37 54.500 17.500
1365794771 37 56.412 19.412
1365795372 37 55.962 18.962
1365795973 37 58.775 21.775
1365796574 37 58.887 21.887
1365797175 37 57.200 20.200
1365797776 39 55.512 16.512
1365798377 37 54.500 17.500
1365798978 37 54.162 17.162
1365799579 39 53.487 14.487
1365800181 39 53.487 14.487
1365800782 39 53.487 14.487
1365801383 39 53.712 14.712
1365801984 39 54.275 15.275
1365802585 39 55.175 16.175
1365803186 39 54.387 15.387
1365803787 39 53.487 14.487
1365804388 39 52.250 13.250
1365804989 39 52.587 13.587
1365805590 39 52.475 13.475
1365806191 39 51.462 12.462
1365806793 39 51.912 12.912
1365807394 39 51.687 12.687
1365807995 39 51.350 12.350
1365808596 38 51.237 13.237
1365809197 39 51.912 12.912
1365809798 38 51.800 13.800
1365810399 38 51.125 13.125
1365811000 38 51.012 13.012
1365811601 37 51.237 14.237
1365812202 38 51.125 13.125
1365812803 37 51.012 14.012
1365813404 38 50.450 12.450
1365814005 37 50.225 13.225
1365814606 37 50.000 13.000
1365815207 37 50.112 13.112
1365815808 37 50.112 13.112
1365816409 37 50.112 13.112
1365817010 37 50.225 13.225
1365817611 37 50.225 13.225
1365818212 37 50.112 13.112
1365818813 37 50.112 13.112
1365819414 37 50.225 13.225
1365820015 36 50.225 14.225
1365820616 37 50.225 13.225
1365821217 36 50.225 14.225
1365821818 36 50.337 14.337
1365822419 36 50.112 14.112
1365823020 36 50.337 14.337
1365823621 35 50.337 15.337
1365824222 35 50.225 15.225
1365824824 35 50.225 15.225
1365825425 35 50.000 15.000
1365826026 35 49.887 14.887
1365826627 35 49.662 14.662
1365827228 35 49.325 14.325
1365827829 34 49.662 15.662
1365828430 34 50.225 16.225
1365829031 34 50.112 16.112
1365829632 34 49.662 15.662
1365830233 34 48.987 14.987
1365830835 34 50.450 16.450
1365831436 34 49.775 15.775
1365832037 34 49.100 15.100
1365832638 34 50.337 16.337
1365833239 34 49.437 15.437
1365833840 34 49.212 15.212
1365834441 34 50.112 16.112
1365835042 34 49.550 15.550
1365835643 34 49.887 15.887
1365836245 34 50.112 16.112
1365836846 34 48.987 14.987
1365837447 34 50.225 16.225
1365838048 34 49.550 15.550
1365838650 33 49.100 16.100
1365839251 33 50.112 17.112
1365839852 33 48.987 15.987
1365840453 33 50.450 17.450
1365841054 33 49.212 16.212
1365841655 33 50.112 17.112
1365842256 33 49.775 16.775
1365842857 33 49.775 16.775
1365843458 33 50.000 17.000
1365844059 33 49.212 16.212
1365844660 33 50.337 17.337
1365845261 33 49.100 16.100
1365845862 33 50.337 17.337
1365846464 33 49.100 16.100
1365847065 33 50.337 17.337
1365847666 34 49.437 15.437
1365848267 34 50.450 16.450
1365848868 34 49.437 15.437
1365849469 33 50.337 17.337
1365850070 33 49.887 16.887
1365850671 32 49.887 17.887
1365851272 32 50.450 18.450
1365851873 32 49.662 17.662
1365852474 32 49.550 17.550
1365853075 32 49.887 17.887
1365853676 32 50.450 18.450
1365854277 32 49.775 17.775
1365854878 32 50.675 18.675
1365855479 32 50.900 18.900
1365856080 31 50.225 19.225
1365856681 31 50.787 19.787
1365857282 31 50.000 19.000
1365857883 31 50.337 19.337
1365858484 31 50.450 19.450
1365859085 31 51.800 20.800
1365859686 33 52.587 19.587
1365860288 31 52.137 21.137
1365860889 31 52.025 21.025
1365861490 33 51.687 18.687
1365862091 33 51.912 18.912
1365862692 33 52.025 19.025
1365863293 33 52.475 19.475
1365863894 33 52.812 19.812
1365864495 33 54.275 21.275
1365865096 33 54.387 21.387
1365865697 33 54.725 21.725
1365866298 33 56.750 23.750
1365866899 33 57.087 24.087
1365867500 33 57.875 24.875
1365868102 33 58.212 25.212
1365868703 34 60.125 26.125
1365869304 34 59.225 25.225
1365869905 34 60.462 26.462
1365870506 36 62.262 26.262
1365871107 36 62.375 26.375
1365871708 36 72.162 36.162
1365872309 36 75.425 39.425
1365872910 36 80.037 44.037
1365873511 36 81.837 45.837
1365874112 36 86.450 50.450
1365874713 40 85.100 45.100
1365875315 40 82.625 42.625
1365875916 40 77.337 37.337
1365876517 43 77.000 34.000
1365877118 43 82.512 39.512
1365877719 43 82.062 39.062
1365878320 43 79.137 36.137
1365878921 43 82.062 39.062
1365879522 43 84.087 41.087
1365880123 45 79.475 34.475
1365880724 43 82.962 39.962
1365881325 43 79.587 36.587
1365881926 45 78.012 33.012
1365882527 45 81.500 36.500
1365883128 45 81.837 36.837
1365883729 45 83.637 38.637
1365884330 48 83.300 35.300
1365884931 48 78.575 30.575
1365885532 48 78.012 30.012
1365886133 48 73.850 25.850
1365886734 48 78.800 30.800
1365887335 48 78.125 30.125
1365887936 48 73.400 25.400
1365888538 48 80.825 32.825
1365889139 48 75.425 27.425
1365889740 48 72.500 24.500
1365890341 48 70.812 22.812
1365890942 48 70.475 22.475
1365891543 48 68.675 20.675
1365892144 47 67.212 20.212
1365892745 47 66.312 19.312
1365893346 47 65.862 18.862
1365893947 47 64.962 17.962
1365894548 47 64.062 17.062
1365895149 47 62.825 15.825
1365895750 47 61.587 14.587
1365896351 48 60.575 12.575
1365896952 48 60.012 12.012
1365897553 48 59.337 11.337
1365898154 47 58.325 11.325
1365898755 47 57.650 10.650
1365899356 47 56.975 9.975
1365899957 47 56.525 9.525
1365900558 47 55.962 8.962
1365901160 47 55.512 8.512
1365901761 47 55.062 8.062
1365902362 47 54.837 7.837
1365902963 47 54.725 7.725
1365903564 46 54.500 8.500
1365904165 46 54.162 8.162
1365904766 46 54.162 8.162
1365905367 46 53.825 7.825
1365905969 46 54.162 8.162
1365906570 46 53.712 7.712
1365907171 45 53.937 8.937
1365907772 45 53.600 8.600
1365908373 45 53.600 8.600
1365908974 45 53.600 8.600
1365909575 45 53.262 8.262
1365910176 45 53.487 8.487
1365910778 44 53.600 9.600
1365911379 44 53.262 9.262
1365911980 44 52.812 8.812
1365912581 44 53.150 9.150
1365913182 44 53.375 9.375
1365913783 44 52.812 8.812
1365914384 44 53.262 9.262
1365914985 44 52.587 8.587
1365915587 43 52.925 9.925
1365916188 43 52.362 9.362
1365916789 43 52.137 9.137
1365917390 43 52.475 9.475
1365917991 42 51.575 9.575
1365918592 42 52.137 10.137
1365919193 42 52.137 10.137
1365919794 42 51.237 9.237
1365920395 42 51.462 9.462
1365920996 42 51.687 9.687
1365921597 41 51.687 10.687
1365922198 41 52.137 11.137
1365922799 41 51.237 10.237
1365923400 39 51.012 12.012
1365924001 41 51.462 10.462
1365924602 41 51.575 10.575
1365925203 39 50.787 11.787
1365925804 39 50.900 11.900
1365926405 39 51.350 12.350
1365927006 39 51.575 12.575
1365927607 39 51.800 12.800
1365928208 39 51.350 12.350
1365928809 39 50.450 11.450
1365929410 39 50.900 11.900
1365930012 39 51.462 12.462
1365930613 39 51.687 12.687
1365931214 39 50.900 11.900
1365931815 39 50.450 11.450
1365932416 39 51.237 12.237
1365933017 39 51.462 12.462
1365933618 39 50.112 11.112
1365934219 39 50.900 11.900
1365934820 39 50.562 11.562
1365935421 39 51.125 12.125
1365936022 39 51.125 12.125
1365936623 39 50.787 11.787
1365937224 39 50.000 11.000
1365937825 39 50.562 11.562
1365938426 39 50.675 11.675
1365939027 39 50.900 11.900
1365939628 38 51.350 13.350
1365940229 38 51.687 13.687
1365940830 38 50.450 12.450
1365941431 38 50.787 12.787
1365942032 38 51.800 13.800
1365942633 38 52.475 14.475
1365943234 38 51.912 13.912
1365943836 38 52.362 14.362
1365944437 38 53.262 15.262
1365945039 38 53.262 15.262
1365945640 38 54.725 16.725
1365946241 39 55.400 16.400
1365946842 38 56.187 18.187
1365947443 38 57.312 19.312
1365948044 39 56.075 17.075
1365948645 39 54.725 15.725
1365949246 39 54.500 15.500
1365949847 39 54.275 15.275
1365950448 42 55.062 13.062
1365951049 42 55.737 13.737
1365951650 42 57.537 15.537
1365952251 42 59.675 17.675
1365952852 42 63.612 21.612
1365953453 42 64.175 22.175
1365954054 44 64.962 20.962
1365954655 44 65.637 21.637
1365955256 44 65.862 21.862
1365955857 50 64.175 14.175
1365956458 44 64.062 20.062
1365957059 44 65.412 21.412
1365957660 50 65.862 15.862
1365958261 50 65.975 15.975
1365958862 50 65.975 15.975
1365959463 50 69.462 19.462
1365960064 50 71.937 21.937
1365960665 50 73.062 23.062
1365961266 55 73.175 18.175
1365961867 55 75.200 20.200
1365962468 55 76.100 21.100
1365963070 55 73.962 18.962
1365963671 55 72.275 17.275
1365964272 61 75.425 14.425
1365964873 61 76.887 15.887
1365965474 61 75.312 14.312
1365966075 61 77.225 16.225
1365966676 61 88.925 27.925
1365967277 61 94.437 33.437
1365967878 61 91.737 30.737
1365968479 66 96.350 30.350
1365969080 66 98.712 32.712
1365969681 66 96.237 30.237
1365970282 73 89.262 16.262
1365970883 73 86.900 13.900
1365971484 66 87.012 21.012
1365972085 73 85.212 12.212
1365972686 73 84.200 11.200
1365973287 73 81.725 8.725
1365973888 73 81.837 8.837
1365974490 73 80.262 7.262
1365975091 73 78.687 5.687
1365975692 73 78.237 5.237
1365976293 73 77.675 4.675
1365976894 73 77.900 4.900
1365977495 73 77.787 4.787
1365978096 73 76.775 3.775
1365978697 73 75.875 2.875
1365979298 73 74.637 1.637
1365979899 73 74.525 1.525
1365980500 73 73.737 .737
1365981101 73 73.850 .850
1365981702 73 73.400 .400
1365982303 73 72.500 -.500
1365982904 73 71.375 -1.625
1365983505 73 70.475 -2.525
1365984106 73 69.575 -3.425
1365984708 73 68.562 -4.438
1365985310 73 67.775 -5.225
1365985911 70 66.987 -3.013
1365986512 70 65.975 -4.025
1365987113 70 65.187 -4.813
1365987714 70 64.737 -5.263
1365988315 66 64.400 -1.600
1365988916 66 64.062 -1.938
1365989517 66 63.837 -2.163
1365990118 60 63.275 3.275
1365990719 66 62.825 -3.175
1365991320 60 62.487 2.487
1365991921 60 62.150 2.150
1365992522 60 61.587 1.587
1365993123 57 61.137 4.137
1365993724 57 60.687 3.687
1365994325 57 60.462 3.462
1365994926 57 60.125 3.125
1365995527 53 60.012 7.012
1365996128 53 59.787 6.787
1365996729 53 59.675 6.675
1365997330 54 59.562 5.562
1365997931 54 59.450 5.450
1365998533 53 59.225 6.225
1365999134 54 59.112 5.112
1365999735 52 58.887 6.887
1366000336 52 58.775 6.775
1366000937 52 58.662 6.662
1366001538 52 58.550 6.550
1366002139 52 58.437 6.437
1366002740 51 58.325 7.325
1366003341 51 58.100 7.100
1366003942 51 57.762 6.762
1366004543 51 57.537 6.537
1366005144 51 57.200 6.200
1366005745 51 57.087 6.087
1366006346 49 56.975 7.975
1366006947 51 56.750 5.750
1366007548 51 56.525 5.525
1366008149 49 56.412 7.412
1366008750 49 56.412 7.412
1366009351 49 56.300 7.300
1366009952 49 56.300 7.300
1366010553 49 56.187 7.187
1366011154 49 56.075 7.075
1366011755 48 55.962 7.962
1366012356 48 55.850 7.850
1366012957 48 55.737 7.737
1366013558 48 55.512 7.512
1366014159 48 55.175 7.175
1366014760 48 54.725 6.725
1366015362 48 54.387 6.387
1366015963 48 54.500 6.500
1366016564 48 53.937 5.937
1366017165 48 53.600 5.600
1366017766 48 53.600 5.600
1366018367 45 53.150 8.150
1366018968 45 53.375 8.375
1366019569 45 53.037 8.037
1366020170 45 52.925 7.925
1366020771 45 53.037 8.037
1366021372 45 53.262 8.262
1366021973 45 52.587 7.587
1366022574 45 53.037 8.037
1366023175 45 52.362 7.362
1366023776 45 52.700 7.700
1366024377 43 53.037 10.037
1366024978 43 52.362 9.362
1366025579 45 52.812 7.812
1366026180 43 53.150 10.150
1366026781 43 52.362 9.362
1366027382 43 53.262 10.262
1366027983 43 53.037 10.037
1366028584 43 52.812 9.812
1366029185 43 53.600 10.600
1366029786 43 53.487 10.487
1366030387 43 54.500 11.500
1366030989 43 55.062 12.062
1366031590 43 55.850 12.850
1366032191 43 57.087 14.087
1366032792 48 58.662 10.662
1366033393 48 61.025 13.025
1366033994 48 63.612 15.612
1366034595 48 66.537 18.537
1366035196 48 69.462 21.462
1366035797 48 71.937 23.937
1366036398 48 74.525 26.525
1366036999 51 76.662 25.662
1366037600 51 78.012 27.012
1366038201 50 79.587 29.587
1366038802 50 80.375 30.375
1366039403 50 79.025 29.025
1366040004 50 77.450 27.450
1366040605 50 77.112 27.112
1366041207 50 75.312 25.312
1366041808 50 75.875 25.875
1366042409 50 75.087 25.087
1366043010 50 74.862 24.862
1366043611 50 74.525 24.525
1366044212 50 73.512 23.512
1366044813 50 72.275 22.275
1366045414 50 70.250 20.250
1366046015 50 69.350 19.350
1366046616 50 68.112 18.112
1366047217 50 67.100 17.100
1366047818 50 66.425 16.425
1366048420 50 66.425 16.425
1366049021 50 65.862 15.862
1366049622 50 63.725 13.725
1366050223 47 61.925 14.925
1366050824 47 60.800 13.800
1366051425 47 60.575 13.575
1366052026 47 60.912 13.912
1366052627 47 61.250 14.250
1366053228 47 60.350 13.350
1366053829 47 58.662 11.662
1366054430 44 58.100 14.100
1366055031 44 57.650 13.650
1366055632 44 57.087 13.087
1366056234 44 56.975 12.975
1366056835 44 56.975 12.975
1366057436 44 56.750 12.750
1366058037 44 56.975 12.975
1366058638 40 57.200 17.200
1366059239 40 57.312 17.312
1366059840 40 58.212 18.212
1366060441 40 58.550 18.550
1366061042 40 57.987 17.987
1366061643 40 57.875 17.875
1366062244 40 57.875 17.875
1366062845 40 58.212 18.212
1366063446 40 58.212 18.212
1366064047 40 57.650 17.650
1366064648 41 57.200 16.200
1366065249 40 56.975 16.975
1366065850 41 56.187 15.187
1366066451 41 56.075 15.075
1366067052 41 56.187 15.187
1366067654 41 56.187 15.187
1366068255 41 55.962 14.962
1366068856 41 55.400 14.400
1366069457 41 54.837 13.837
1366070058 41 54.387 13.387
1366070659 41 54.612 13.612
1366071260 41 54.050 13.050
1366071861 41 54.275 13.275
1366072462 42 53.712 11.712
1366073063 41 54.050 13.050
1366073664 42 53.487 11.487
1366074265 42 53.825 11.825
1366074866 42 53.375 11.375
1366075467 42 53.600 11.600
1366076068 41 53.150 12.150
1366076669 41 53.375 12.375
1366077270 41 53.037 12.037
1366077871 41 53.487 12.487
1366078472 41 52.812 11.812
1366079073 41 53.037 12.037
1366079674 41 53.037 12.037
1366080275 41 52.812 11.812
1366080876 41 52.587 11.587
1366081477 41 52.812 11.812
1366082078 41 53.037 12.037
1366082679 41 52.587 11.587
1366083280 41 52.812 11.812
1366083881 41 52.925 11.925
1366084482 41 52.587 11.587
1366085083 41 53.037 12.037
1366085685 41 52.250 11.250
1366086286 41 52.700 11.700
1366086887 41 52.812 11.812
1366087488 41 52.250 11.250
1366088090 41 51.912 10.912
1366088691 41 51.912 10.912
1366089292 40 52.587 12.587
1366089893 40 51.575 11.575
1366090494 40 51.350 11.350
1366091095 40 52.025 12.025
1366091696 40 51.912 11.912
1366092298 40 51.012 11.012
1366092899 37 51.575 14.575
1366093500 40 51.912 11.912
1366094101 40 50.787 10.787
1366094702 37 51.575 14.575
1366095303 37 51.462 14.462
1366095904 37 51.462 14.462
1366096505 37 51.687 14.687
1366097106 35 50.337 15.337
1366097707 35 51.575 16.575
1366098308 35 50.675 15.675
1366098909 35 50.900 15.900
1366099510 35 50.787 15.787
1366100111 35 51.575 16.575
1366100712 35 51.687 16.687
1366101313 33 51.687 18.687
1366101914 33 51.462 18.462
1366102515 33 50.900 17.900
1366103116 33 51.350 18.350
1366103717 33 51.125 18.125
1366104318 33 50.900 17.900
1366104919 32 51.237 19.237
1366105520 32 51.687 19.687
1366106121 32 51.912 19.912
1366106722 32 51.575 19.575
1366107323 32 51.125 19.125
1366107924 32 50.787 18.787
1366108526 31 51.125 20.125
1366109127 31 51.800 20.800
1366109728 31 51.462 20.462
1366110329 31 51.012 20.012
1366110930 31 51.125 20.125
1366111531 31 51.912 20.912
1366112132 31 51.800 20.800
1366112733 32 51.350 19.350
1366113335 32 51.237 19.237
1366113936 32 51.237 19.237
1366114537 32 51.575 19.575
1366115138 32 51.912 19.912
1366115739 32 52.925 20.925
1366116340 32 52.137 20.137
1366116947 32 52.812 20.812
1366117549 32 53.037 21.037
1366118150 35 53.262 18.262
1366118751 35 52.475 17.475
1366119352 35 52.925 17.925
1366119953 32 53.262 21.262
1366120554 32 54.612 22.612
1366121155 35 54.725 19.725
1366121756 35 55.062 20.062
1366122357 36 55.062 19.062
1366122958 36 56.075 20.075
1366123559 36 58.212 22.212
1366124160 36 60.800 24.800
1366124761 36 60.125 24.125
1366125362 36 60.912 24.912
1366125963 36 63.050 27.050
1366126564 40 66.537 26.537
1366127165 36 75.312 39.312
1366127766 40 73.850 33.850
1366128367 40 73.850 33.850
1366128968 40 72.050 32.050
1366129569 41 71.487 30.487
1366130170 41 75.762 34.762
1366130771 41 76.662 35.662
1366131373 41 79.250 38.250
1366131974 41 84.087 43.087
1366132575 41 85.550 44.550
1366133176 41 87.012 46.012
1366133777 41 86.900 45.900
1366134378 43 81.725 38.725
1366134979 43 89.825 46.825
1366135580 43 91.175 48.175
1366136181 47 97.137 50.137
1366136782 47 100.962 53.962
1366137383 47 104.675 57.675
1366137984 47 102.537 55.537
1366138585 47 102.200 55.200
1366139186 47 104.000 57.000
1366139788 47 105.462 58.462
1366140389 47 105.125 58.125
1366140990 47 103.662 56.662
1366141591 47 103.325 56.325
1366142192 50 100.062 50.062
1366142793 50 97.587 47.587
1366143394 52 93.312 41.312
1366143995 52 87.575 35.575
1366144596 50 85.437 35.437
1366145197 52 83.862 31.862
1366145798 52 83.525 31.525
1366146399 52 80.600 28.600
1366147000 52 77.337 25.337
1366147601 52 76.100 24.100
1366148202 51 74.862 23.862
1366148803 51 73.512 22.512
1366149404 51 71.937 20.937
1366150005 51 70.700 19.700
1366150606 51 69.575 18.575
1366151207 50 68.562 18.562
1366151808 50 67.662 17.662
1366152409 50 67.100 17.100
1366153010 50 66.537 16.537
1366153611 50 66.087 16.087
1366154212 50 65.412 15.412
1366154813 50 64.175 14.175
1366155415 50 63.387 13.387
1366156016 50 62.712 12.712
1366156617 50 62.375 12.375
1366157218 50 61.587 11.587
1366157819 50 61.025 11.025
1366158420 50 60.687 10.687
1366159021 50 60.237 10.237
1366159622 49 59.900 10.900
1366160223 49 59.562 10.562
1366160824 49 59.337 10.337
1366161425 49 59.112 10.112
1366162026 49 58.887 9.887
1366162627 49 58.662 9.662
1366163229 49 58.437 9.437
1366163830 49 58.325 9.325
1366164431 48 58.100 10.100
1366165032 49 57.987 8.987
1366165633 48 57.875 9.875
1366166234 48 57.650 9.650
1366166835 48 57.650 9.650
1366167436 48 57.425 9.425
1366168038 48 57.312 9.312
1366168639 48 57.312 9.312
1366169240 48 57.087 9.087
1366169841 48 56.862 8.862
1366170442 48 56.750 8.750
1366171043 48 56.637 8.637
1366171644 48 56.525 8.525
1366172246 48 56.412 8.412
1366172847 48 56.412 8.412
1366173449 48 56.187 8.187
1366174050 48 56.187 8.187
1366174652 48 56.187 8.187
1366175253 48 55.962 7.962
1366175854 48 55.962 7.962
1366176456 48 55.850 7.850
1366177057 48 55.737 7.737
1366177658 48 55.737 7.737
1366178259 48 55.512 7.512
1366178860 48 55.400 7.400
1366179461 48 55.287 7.287
1366180062 48 55.175 7.175
1366180663 48 55.287 7.287
1366181264 48 55.062 7.062
1366181865 48 55.062 7.062
1366182466 48 54.950 6.950
1366183067 48 54.950 6.950
1366183668 47 54.837 7.837
1366184269 47 54.837 7.837
1366184870 47 54.725 7.725
1366185471 47 54.725 7.725
1366186073 47 54.612 7.612
1366186674 47 54.500 7.500
1366187275 47 54.500 7.500
1366187876 47 54.275 7.275
1366188477 47 54.050 7.050
1366189078 47 54.162 7.162
1366189679 46 53.937 7.937
1366190280 47 53.600 6.600
1366190881 47 53.375 6.375
1366191482 46 53.825 7.825
1366192083 46 53.375 7.375
1366192685 46 53.600 7.600
1366193286 43 52.925 9.925
1366193887 43 53.375 10.375
1366194488 46 52.362 6.362
1366195089 43 52.700 9.700
1366195690 43 53.037 10.037
1366196291 43 52.250 9.250
1366196892 41 52.812 11.812
1366197493 43 52.812 9.812
1366198094 41 52.475 11.475
1366198695 41 52.925 11.925
1366199296 41 52.587 11.587
1366199898 41 52.362 11.362
1366200499 41 52.475 11.475
1366201100 41 52.812 11.812
1366201701 41 52.475 11.475
1366202302 41 52.137 11.137
1366202903 41 52.250 11.250
1366203504 41 52.925 11.925
1366204105 41 52.700 11.700
1366204706 39 52.137 13.137
1366205307 39 52.250 13.250
1366205908 39 52.700 13.700
1366206509 39 51.800 12.800
1366207110 39 51.912 12.912
1366207711 39 52.250 13.250
1366208312 39 52.475 13.475
1366208913 39 51.575 12.575
1366209514 40 51.687 11.687
1366210115 40 52.137 12.137
1366210717 40 52.362 12.362
1366211318 40 51.237 11.237
1366211919 40 51.687 11.687
1366212520 40 52.362 12.362
1366213121 40 51.687 11.687
1366213722 40 51.350 11.350
1366214323 39 51.687 12.687
1366214924 41 52.250 11.250
1366215526 41 51.687 10.687
1366216127 39 51.575 12.575
1366216728 41 51.800 10.800
1366217329 39 52.250 13.250
1366217930 39 51.800 12.800
1366218531 40 51.687 11.687
1366219132 40 52.250 12.250
1366219733 39 51.687 12.687
1366220334 40 51.912 11.912
1366220935 40 52.362 12.362
1366221536 40 53.037 13.037
1366222137 40 52.587 12.587
1366222738 40 52.925 12.925
1366223339 40 53.150 13.150
1366223940 41 52.700 11.700
1366224541 41 53.037 12.037
1366225142 41 52.587 11.587
1366225743 41 51.575 10.575
1366226344 41 51.687 10.687
1366226945 41 52.362 11.362
1366227546 41 52.025 11.025
1366228147 41 51.800 10.800
1366228748 43 52.475 9.475
1366229350 43 51.912 8.912
1366229956 43 52.137 9.137
1366230557 43 52.475 9.475
1366231158 43 51.912 8.912
1366231759 43 52.362 9.362
1366232360 43 52.700 9.700
1366232961 43 52.137 9.137
1366233562 43 52.587 9.587
1366234163 43 51.575 8.575
1366234764 45 52.250 7.250
1366235365 45 51.687 6.687
1366235966 45 51.912 6.912
1366236567 45 51.912 6.912
1366237168 44 51.800 7.800
1366237769 45 52.362 7.362
1366238370 45 51.687 6.687
1366238972 45 52.475 7.475
1366239573 45 51.800 6.800
1366240174 45 52.137 7.137
1366240775 45 51.800 6.800
1366241376 45 51.912 6.912
1366241977 45 52.250 7.250
1366242578 45 51.687 6.687
1366243180 45 51.575 6.575
1366243781 46 51.912 5.912
1366244382 45 52.362 7.362
1366244983 46 51.912 5.912
1366245584 46 52.362 6.362
1366246185 46 51.912 5.912
1366246786 46 51.462 5.462
1366247387 47 52.137 5.137
1366247988 47 51.575 4.575
1366248589 46 52.362 6.362
1366249190 47 51.800 4.800
1366249791 47 52.250 5.250
1366250392 47 52.025 5.025
1366250993 47 51.800 4.800
1366251594 47 52.137 5.137
1366252195 47 51.800 4.800
1366252797 47 52.250 5.250
1366253398 47 51.800 4.800
1366253999 47 52.137 5.137
1366254600 46 51.575 5.575
1366255202 46 51.912 5.912
1366255803 47 51.462 4.462
1366256404 47 52.025 5.025
1366257005 45 51.575 6.575
1366257606 45 51.912 6.912
1366258207 45 51.350 6.350
1366258808 45 52.025 7.025
1366259409 45 51.462 6.462
1366260011 45 52.025 7.025
1366260612 45 51.462 6.462
1366261213 46 51.575 5.575
1366261814 46 51.687 5.687
1366262415 46 51.462 5.462
1366263016 46 52.025 6.025
1366263617 46 51.800 5.800
1366264218 46 51.800 5.800
1366264819 46 51.800 5.800
1366265420 49 51.912 2.912
1366266021 49 52.025 3.025
1366266622 49 52.025 3.025
1366267223 49 52.250 3.250
1366267824 49 52.587 3.587
1366268425 49 52.925 3.925
1366269026 54 53.037 -.963
1366269627 54 53.150 -.850
1366270228 54 53.262 -.738
1366270829 54 53.375 -.625
1366271430 54 53.487 -.513
1366272031 54 53.600 -.400
1366272633 54 53.600 -.400
1366273234 54 53.712 -.288
1366273835 55 53.712 -1.288
1366274436 55 53.600 -1.400
1366275037 55 53.600 -1.400
1366275638 55 53.712 -1.288
1366276239 55 53.712 -1.288
1366276840 55 53.712 -1.288
1366277441 54 53.712 -.288
1366278042 54 53.600 -.400
1366278643 54 53.262 -.738
1366279244 54 52.700 -1.300
1366279845 54 52.362 -1.638
1366280446 54 52.137 -1.863
1366281047 54 51.912 -2.088
1366281648 50 51.800 1.800
1366282249 50 51.687 1.687
1366282850 50 52.250 2.250
1366283451 50 51.912 1.912
1366284052 50 51.575 1.575
1366284653 46 51.350 5.350
1366285255 46 52.025 6.025
1366285856 46 51.462 5.462
1366286457 46 51.912 5.912
1366287058 46 51.462 5.462
1366287659 46 51.800 5.800
1366288260 46 51.350 5.350
1366288861 45 51.912 6.912
1366289462 45 51.575 6.575
1366290063 43 52.362 9.362
1366290664 43 52.250 9.250
1366291265 43 52.587 9.587
1366291867 43 52.587 9.587
1366292468 45 52.700 7.700
1366293069 43 52.587 9.587
1366293670 43 52.475 9.475
1366294271 45 52.925 7.925
1366294872 45 53.150 8.150
1366295473 45 53.150 8.150
1366296074 45 52.925 7.925
1366296675 45 53.150 8.150
1366297276 45 53.712 8.712
1366297877 46 54.162 8.162
1366298478 45 54.725 9.725
1366299079 46 54.950 8.950
1366299680 46 54.500 8.500
1366300281 46 54.387 8.387
1366300882 46 54.387 8.387
1366301483 46 54.387 8.387
1366302084 46 55.175 9.175
1366302685 47 55.512 8.512
1366303286 47 55.512 8.512
1366303888 46 56.862 10.862
1366304489 47 57.537 10.537
1366305090 47 57.875 10.875
1366305695 47 56.975 9.975
1366306296 47 56.412 9.412
1366306897 53 55.962 2.962
1366307498 53 56.075 3.075
1366308099 53 56.412 3.412
1366308700 53 56.750 3.750
1366309301 54 56.862 2.862
1366309902 54 56.637 2.637
1366310503 55 56.975 1.975
1366311104 54 57.537 3.537
1366311705 54 57.312 3.312
1366312306 55 56.637 1.637
1366312907 55 56.300 1.300
1366313508 53 55.287 2.287
1366314109 55 54.387 -.613
1366314710 46 54.387 8.387
1366315311 46 54.950 8.950
1366315912 46 56.300 10.300
1366316513 46 57.425 11.425
1366317114 43 57.312 14.312
1366317715 43 56.862 13.862
1366318316 43 57.650 14.650
1366318918 43 57.537 14.537
1366319519 45 56.975 11.975
1366320120 45 56.412 11.412
1366320721 45 55.737 10.737
1366321322 44 54.950 10.950
1366321923 44 54.725 10.725
1366322524 44 53.937 9.937
1366323125 42 53.487 11.487
1366323726 42 53.375 11.375
1366324327 44 52.587 8.587
1366324928 42 52.475 10.475
1366325529 42 52.025 10.025
1366326130 42 52.137 10.137
1366326731 42 51.012 9.012
1366327332 42 51.462 9.462
1366327933 42 50.900 8.900
1366328535 40 51.237 11.237
1366329136 39 51.462 12.462
1366329737 40 51.912 11.912
1366330338 40 51.687 11.687
1366330939 40 51.575 11.575
1366331540 38 51.125 13.125
1366332141 38 50.787 12.787
1366332742 38 50.787 12.787
1366333343 38 50.787 12.787
1366333944 38 50.675 12.675
1366334545 36 50.675 14.675
1366335146 36 51.012 15.012
1366335747 36 51.350 15.350
1366336348 36 51.012 15.012
1366336949 36 50.787 14.787
1366337550 36 49.887 13.887
1366338151 36 50.337 14.337
1366338752 36 50.787 14.787
1366339354 36 51.125 15.125
1366339955 36 50.562 14.562
1366340556 36 50.112 14.112
1366341157 36 50.450 14.450
1366341758 36 51.350 15.350
1366342359 35 50.450 15.450
1366342960 35 49.887 14.887
1366343561 35 51.012 16.012
1366344162 35 50.900 15.900
1366344763 35 51.012 16.012
1366345364 35 50.225 15.225
1366345965 35 49.887 14.887
1366346566 35 50.337 15.337
1366347167 35 51.012 16.012
1366347769 35 50.675 15.675
1366348370 35 50.112 15.112
1366348971 35 50.000 15.000
1366349572 35 51.125 16.125
1366350173 35 50.225 15.225
1366350774 35 49.662 14.662
1366351375 35 51.350 16.350
1366351976 34 50.225 16.225
1366352577 34 49.662 15.662
1366353178 35 50.562 15.562
1366353779 35 50.675 15.675
1366354380 35 50.000 15.000
1366354981 34 51.012 17.012
1366355582 34 50.112 16.112
1366356184 34 50.450 16.450
1366356785 34 50.787 16.787
1366357386 34 50.450 16.450
1366357987 34 50.562 16.562
1366358588 34 49.325 15.325
1366359189 34 51.012 17.012
1366359790 34 49.775 15.775
1366360391 34 51.012 17.012
1366360992 34 50.225 16.225
1366361593 34 51.350 17.350
1366362194 34 50.900 16.900
1366362795 34 50.675 16.675
1366363396 34 50.450 16.450
1366363997 34 50.562 16.562
1366364599 34 50.450 16.450
1366365200 34 50.562 16.562
1366365801 34 51.350 17.350
1366366402 34 50.900 16.900
1366367003 34 50.562 16.562
1366367604 33 51.462 18.462
1366368205 33 49.775 16.775
1366368806 33 51.012 18.012
1366369407 33 50.562 17.562
1366370008 33 50.562 17.562
1366370609 33 51.462 18.462
1366371210 33 50.000 17.000
1366371811 33 50.450 17.450
1366372412 33 50.225 17.225
1366373013 33 51.350 18.350
1366373614 33 50.450 17.450
1366374215 33 51.125 18.125
1366374816 33 50.562 17.562
1366375417 33 51.575 18.575
1366376018 33 50.562 17.562
1366376620 33 49.775 16.775
1366377221 33 50.787 17.787
1366377822 32 51.575 19.575
1366378423 32 50.900 18.900
1366379024 32 51.125 19.125
1366379625 32 50.787 18.787
1366380226 32 51.687 19.687
1366380827 32 52.587 20.587
1366381428 33 52.250 19.250
1366382029 32 51.912 19.912
1366382630 33 51.800 18.800
1366383231 33 53.487 20.487
1366383833 33 52.812 19.812
1366384434 33 52.587 19.587
1366385035 33 52.475 19.475
1366385636 32 52.700 20.700
1366386237 32 52.925 20.925
1366386838 32 53.487 21.487
1366387439 32 52.700 20.700
1366388040 32 53.712 21.712
1366388641 32 53.487 21.487
1366389242 34 53.600 19.600
1366389844 32 53.712 21.712
1366390445 34 53.487 19.487
1366391046 34 53.487 19.487
1366391647 34 54.275 20.275
1366392248 34 53.600 19.600
1366392849 34 53.487 19.487
1366393450 34 53.712 19.712
1366394051 34 52.700 18.700
1366394652 34 53.600 19.600
1366395253 34 55.625 21.625
1366395854 34 54.500 20.500
1366396455 34 56.300 22.300
1366397057 36 55.625 19.625
1366397658 36 55.850 19.850
1366398259 36 56.187 20.187
1366398860 36 55.287 19.287
1366399461 36 54.725 18.725
1366400062 36 54.162 18.162
1366400663 36 54.050 18.050
1366401264 36 53.150 17.150
1366401865 36 54.387 18.387
1366402466 36 52.925 16.925
1366403067 36 53.487 17.487
1366403668 36 53.150 17.150
1366404269 36 52.700 16.700
1366404870 36 53.262 17.262
1366405471 36 52.925 16.925
1366406072 37 52.925 15.925
1366406673 36 52.812 16.812
1366407275 37 52.812 15.812
1366407876 37 54.500 17.500
1366408477 37 53.262 16.262
1366409078 37 52.700 15.700
1366409679 36 52.362 16.362
1366410280 36 51.687 15.687
1366410881 37 51.575 14.575
1366411482 36 52.137 16.137
1366412084 36 52.475 16.475
1366412685 36 51.350 15.350
1366413286 36 50.900 14.900
1366413887 36 51.012 15.012
1366414488 36 51.350 15.350
1366415089 36 51.350 15.350
1366415691 36 51.237 15.237
1366416292 36 51.125 15.125
1366416893 36 50.900 14.900
1366417494 36 51.125 15.125
1366418095 35 50.900 15.900
1366418696 35 50.675 15.675
1366419297 35 50.450 15.450
1366419898 35 50.112 15.112
1366420499 35 49.550 14.550
1366421100 35 49.775 14.775
1366421701 35 50.000 15.000
1366422302 35 50.675 15.675
1366422903 35 50.450 15.450
1366423504 35 50.112 15.112
1366424105 35 49.325 14.325
1366424706 34 50.675 16.675
1366425307 34 49.550 15.550
1366425909 34 50.787 16.787
1366426510 34 49.775 15.775
1366427111 34 50.225 16.225
1366427712 34 49.887 15.887
1366428313 33 49.887 16.887
1366428914 34 50.225 16.225
1366429515 33 51.012 18.012
1366430116 33 49.100 16.100
1366430717 33 50.450 17.450
1366431318 33 50.900 17.900
1366431919 32 49.662 17.662
1366432520 32 50.562 18.562
1366433121 32 51.012 19.012
1366433722 32 51.125 19.125
1366434323 32 49.212 17.212
1366434924 32 50.337 18.337
1366435525 31 50.900 19.900
1366436126 32 51.125 19.125
1366436727 31 51.237 20.237
1366437328 31 49.437 18.437
1366437930 31 50.337 19.337
1366438531 31 50.787 19.787
1366439132 30 51.012 21.012
1366439733 30 51.012 21.012
1366440334 30 51.125 21.125
1366440935 30 51.012 21.012
1366441536 30 51.125 21.125
1366442137 30 51.237 21.237
1366442738 29 51.237 22.237
1366443339 29 51.350 22.350
1366443940 29 51.350 22.350
1366444541 29 51.237 22.237
1366445142 29 51.012 22.012
1366445743 29 51.012 22.012
1366446344 29 51.012 22.012
1366446945 29 51.012 22.012
1366447546 29 51.012 22.012
1366448147 29 50.900 21.900
1366448748 29 51.012 22.012
1366449349 29 50.900 21.900
1366449950 29 50.787 21.787
1366450551 28 50.787 22.787
1366451152 28 50.787 22.787
1366451753 28 50.787 22.787
1366452355 28 50.787 22.787
1366452956 28 50.787 22.787
1366453557 28 50.787 22.787
1366454158 28 50.787 22.787
1366454759 28 50.675 22.675
1366455360 28 50.450 22.450
1366455961 28 50.562 22.562
1366456562 28 50.450 22.450
1366457163 28 50.675 22.675
1366457764 27 50.675 23.675
1366458365 27 50.900 23.900
1366458966 27 51.237 24.237
1366459568 27 51.350 24.350
1366460169 27 51.575 24.575
1366460770 27 51.800 24.800
1366461372 27 50.675 23.675
1366461973 28 50.675 22.675
1366462574 28 51.125 23.125
1366463175 28 51.237 23.237
1366463776 28 52.025 24.025
1366464378 28 53.375 25.375
1366464979 28 54.837 26.837
1366465580 28 56.750 28.750
1366466181 28 59.112 31.112
1366466782 30 61.925 31.925
1366467383 30 64.850 34.850
1366467984 30 67.325 37.325
1366468585 30 70.025 40.025
1366469186 33 72.275 39.275
1366469788 33 74.637 41.637
1366470389 33 77.000 44.000
1366470990 33 79.362 46.362
1366471591 33 81.612 48.612
1366472193 33 78.350 45.350
1366472794 33 83.525 50.525
1366473395 33 87.237 54.237
1366473996 34 89.150 55.150
1366474597 34 91.062 57.062
1366475198 34 97.137 63.137
1366475800 34 100.287 66.287
1366476401 37 99.275 62.275
1366477002 37 95.562 58.562
1366477603 37 96.575 59.575
1366478204 37 95.000 58.000
1366478805 37 101.750 64.750
1366479407 37 98.487 61.487
1366480008 37 104.225 67.225
1366480609 37 102.987 65.987
1366481210 40 107.375 67.375
1366481811 40 103.887 63.887
1366482412 40 109.400 69.400
1366483013 40 103.887 63.887
1366483615 42 107.937 65.937
1366484216 42 110.525 68.525
1366484817 42 111.875 69.875
1366485418 42 110.750 68.750
1366486019 42 108.387 66.387
1366486620 42 107.712 65.712
1366487221 42 107.487 65.487
1366487822 42 103.100 61.100
1366488423 42 103.662 61.662
1366489025 42 105.800 63.800
1366489626 44 105.237 61.237
1366490227 44 105.462 61.462
1366490828 44 104.562 60.562
1366491429 44 103.437 59.437
1366492030 44 102.312 58.312
1366492631 44 100.625 56.625
1366493232 44 97.812 53.812
1366493834 44 95.675 51.675
1366494435 44 93.425 49.425
1366495036 44 89.375 45.375
1366495637 44 85.212 41.212
1366496238 44 82.737 38.737
1366496839 44 81.387 37.387
1366497440 45 80.150 35.150
1366498041 45 79.025 34.025
1366498642 45 77.112 32.112
1366499244 45 74.075 29.075
1366499845 45 70.700 25.700
1366500446 45 69.012 24.012
1366501047 46 64.737 18.737
1366501648 46 63.725 17.725
1366502249 46 62.712 16.712
1366502850 46 62.487 16.487
1366503451 46 62.150 16.150
1366504053 46 61.812 15.812
1366504654 46 61.362 15.362
1366505255 45 60.800 15.800
1366505856 45 60.462 15.462
1366506457 45 60.125 15.125
1366507058 45 59.787 14.787
1366507659 45 59.450 14.450
1366508260 41 59.112 18.112
1366508861 41 58.887 17.887
1366509463 41 58.550 17.550
1366510064 41 58.100 17.100
1366510665 41 57.875 16.875
1366511266 41 57.987 16.987
1366511867 41 57.762 16.762
1366512468 40 57.425 17.425
1366513074 40 56.975 16.975
1366513675 40 56.975 16.975
1366514277 40 56.637 16.637
1366514878 40 56.750 16.750
1366515479 40 56.300 16.300
1366516080 40 56.300 16.300
1366516681 40 56.075 16.075
1366517282 40 56.187 16.187
1366517883 40 56.412 16.412
1366518484 40 55.962 15.962
1366519086 40 55.962 15.962
1366519687 40 55.850 15.850
1366520288 39 55.400 16.400
1366520889 39 55.287 16.287
1366521490 39 55.287 16.287
1366522091 39 55.400 16.400
1366522692 37 54.725 17.725
1366523293 37 54.612 17.612
1366523895 37 54.837 17.837
1366524496 37 54.725 17.725
1366525097 37 54.387 17.387
1366525698 37 54.387 17.387
1366526299 37 54.612 17.612
1366526900 37 54.500 17.500
1366527501 37 53.937 16.937
1366528102 37 54.162 17.162
1366528703 37 54.387 17.387
1366529305 37 54.050 17.050
1366529906 39 53.825 14.825
1366530507 39 54.050 15.050
1366531108 39 54.050 15.050
1366531709 39 53.487 14.487
1366532310 39 53.825 14.825
1366532911 39 53.937 14.937
1366533512 39 53.262 14.262
1366534113 39 53.375 14.375
1366534715 39 53.825 14.825
1366535316 39 53.262 14.262
1366535917 39 53.375 14.375
1366536518 39 53.600 14.600
1366537119 39 53.037 14.037
1366537720 39 53.150 14.150
1366538321 39 53.487 14.487
1366538922 39 53.487 14.487
1366539523 39 53.037 14.037
1366540125 39 53.262 14.262
1366540726 39 53.375 14.375
1366541327 39 53.037 14.037
1366541928 39 52.700 13.700
1366542529 39 53.037 14.037
1366543130 39 53.150 14.150
1366543731 39 52.700 13.700
1366544332 39 52.812 13.812
1366544933 39 53.150 14.150
1366545535 39 52.700 13.700
1366546136 39 52.587 13.587
1366546737 39 53.037 14.037
1366547338 39 53.037 14.037
1366547939 39 52.812 13.812
1366548540 39 53.262 14.262
1366549142 39 53.262 14.262
1366549743 39 53.375 14.375
1366550344 39 54.050 15.050
1366550945 40 54.387 14.387
1366551546 40 55.062 15.062
1366552147 40 54.950 14.950
1366552748 40 55.062 15.062
1366553349 40 55.287 15.287
1366553950 40 55.062 15.062
1366554551 40 55.625 15.625
1366555152 40 56.975 16.975
1366555753 40 57.537 17.537
1366556354 41 57.650 16.650
1366556955 41 57.087 16.087
1366557556 41 57.762 16.762
1366558157 41 61.475 20.475
1366558758 41 61.587 20.587
1366559359 43 61.812 18.812
1366559960 43 63.837 20.837
1366560561 47 67.775 20.775
1366561162 43 71.150 28.150
1366561763 43 72.612 29.612
1366562364 47 69.012 22.012
1366562965 47 67.887 20.887
1366563566 47 65.750 18.750
1366564167 48 68.787 20.787
1366564768 47 72.387 25.387
1366565369 48 70.587 22.587
1366565971 47 68.675 21.675
1366566572 47 69.237 22.237
1366567173 48 71.375 23.375
1366567774 51 75.650 24.650
1366568375 51 77.112 26.112
1366568976 51 75.537 24.537
1366569577 48 77.562 29.562
1366570178 51 80.375 29.375
1366570784 51 78.912 27.912
1366571385 54 79.137 25.137
1366571986 51 82.737 31.737
1366572587 54 84.425 30.425
1366573188 54 86.112 32.112
1366573790 54 87.237 33.237
1366574391 54 87.687 33.687
1366574992 54 87.687 33.687
1366575593 54 88.362 34.362
1366576194 58 89.150 31.150
1366576795 58 90.275 32.275
1366577396 58 89.825 31.825
1366577997 58 89.487 31.487
1366578598 58 88.587 30.587
1366579199 58 88.025 30.025
1366579800 60 87.575 27.575
1366580401 60 85.437 25.437
1366581002 60 84.312 24.312
1366581603 60 81.050 21.050
1366582204 60 78.687 18.687
1366582805 60 76.212 16.212
1366583406 60 74.750 14.750
1366584007 60 73.512 13.512
1366584608 60 72.500 12.500
1366585209 60 71.825 11.825
1366585810 59 71.262 12.262
1366586411 60 70.362 10.362
1366587012 60 69.462 9.462
1366587613 59 68.675 9.675
1366588214 59 68.112 9.112
1366588815 59 67.662 8.662
1366589416 59 67.325 8.325
1366590017 59 67.325 8.325
1366590618 58 66.875 8.875
1366591219 59 66.087 7.087
1366591820 59 65.412 6.412
1366592421 58 64.737 6.737
1366593022 58 64.175 6.175
1366593623 55 63.725 8.725
1366594224 55 63.275 8.275
1366594825 55 62.937 7.937
1366595426 55 62.712 7.712
1366596027 55 62.487 7.487
1366596628 55 62.375 7.375
1366597229 55 62.150 7.150
1366597830 54 61.812 7.812
1366598431 54 61.700 7.700
1366599032 54 61.587 7.587
1366599633 54 61.362 7.362
1366600234 53 61.250 8.250
1366600835 54 61.025 7.025
1366601437 54 60.912 6.912
1366602038 53 60.687 7.687
1366602639 53 60.575 7.575
1366603240 53 60.462 7.462
1366603841 53 60.350 7.350
1366604442 52 60.237 8.237
1366605043 53 60.012 7.012
1366605644 52 59.900 7.900
1366606245 52 59.787 7.787
1366606846 52 59.675 7.675
1366607447 52 59.562 7.562
1366608048 52 59.562 7.562
1366608649 52 59.450 7.450
1366609250 52 59.112 7.112
1366609851 52 59.000 7.000
1366610452 52 58.662 6.662
1366611053 52 58.437 6.437
1366611654 52 58.325 6.325
1366612255 52 58.100 6.100
1366612856 52 57.987 5.987
1366613457 52 57.987 5.987
1366614058 52 57.875 5.875
1366614660 52 57.875 5.875
1366615261 52 57.762 5.762
1366615862 52 57.762 5.762
1366616463 51 57.762 6.762
1366617064 51 57.762 6.762
1366617665 51 57.537 6.537
1366618266 51 57.537 6.537
1366618867 51 57.650 6.650
1366619468 51 57.650 6.650
1366620070 50 57.425 7.425
1366620671 50 57.200 7.200
1366621272 50 57.200 7.200
1366621873 50 57.087 7.087
1366622474 50 56.975 6.975
1366623075 50 56.975 6.975
1366623676 49 56.975 7.975
1366624278 49 56.862 7.862
1366624879 49 56.862 7.862
1366625480 49 56.750 7.750
1366626081 49 56.637 7.637
1366626682 49 56.637 7.637
1366627283 48 56.412 8.412
1366627884 48 56.300 8.300
1366628485 48 56.187 8.187
1366629086 48 56.075 8.075
1366629688 48 55.962 7.962
1366630289 48 55.962 7.962
1366630890 48 55.962 7.962
1366631491 48 55.962 7.962
1366632092 48 55.962 7.962
1366632693 48 56.075 8.075
1366633294 48 56.187 8.187
1366633895 48 56.300 8.300
1366634497 47 56.412 9.412
1366635098 47 56.637 9.637
1366635699 47 56.525 9.525
1366636300 47 56.525 9.525
1366636901 47 56.750 9.750
1366637502 47 56.975 9.975
1366638103 48 57.200 9.200
1366638704 48 57.425 9.425
1366639306 48 57.875 9.875
1366639907 48 58.212 10.212
1366640508 48 59.000 11.000
1366641109 48 60.012 12.012
1366641710 49 61.250 12.250
1366642311 49 62.037 13.037
1366642912 49 62.487 13.487
1366643513 49 62.937 13.937
1366644114 49 63.162 14.162
1366644715 49 63.837 14.837
1366645316 52 64.625 12.625
1366645918 52 64.512 12.512
1366646519 52 64.400 12.400
1366647120 52 64.850 12.850
1366647721 52 65.412 13.412
1366648322 52 65.300 13.300
1366648923 55 65.862 10.862
1366649524 55 67.775 12.775
1366650125 55 69.462 14.462
1366650726 55 70.362 15.362
1366651327 55 70.587 15.587
1366651929 55 69.800 14.800
1366652530 57 68.900 11.900
1366653131 57 68.000 11.000
1366653732 57 67.212 10.212
1366654333 57 66.650 9.650
1366654934 57 66.312 9.312
1366655535 57 66.087 9.087
1366656136 59 67.662 8.662
1366656737 59 69.012 10.012
1366657339 59 69.125 10.125
1366657940 59 68.900 9.900
1366658541 59 68.787 9.787
1366659142 62 68.900 6.900
1366659743 62 69.687 7.687
1366660345 62 71.037 9.037
1366660946 62 74.412 12.412
1366661547 62 77.225 15.225
1366662148 62 75.425 13.425
1366662749 62 78.237 16.237
1366663350 62 77.787 15.787
1366663951 62 77.112 15.112
1366664553 63 76.325 13.325
1366665154 63 75.537 12.537
1366665755 63 74.975 11.975
1366666356 63 74.750 11.750
1366666957 65 74.525 9.525
1366667558 65 73.512 8.512
1366668160 65 72.725 7.725
1366668761 65 71.937 6.937
1366669362 65 71.825 6.825
1366669963 65 71.712 6.712
1366670565 65 71.375 6.375
1366671166 65 71.262 6.262
1366671767 65 70.812 5.812
1366672368 65 70.137 5.137
1366672969 65 69.687 4.687
1366673570 65 69.012 4.012
1366674171 64 68.337 4.337
1366674773 64 67.887 3.887
1366675374 64 67.325 3.325
1366675975 64 66.762 2.762
1366676576 64 66.425 2.425
1366677177 64 65.975 1.975
1366677778 63 65.637 2.637
1366678379 63 65.300 2.300
1366678980 63 64.962 1.962
1366679581 63 64.737 1.737
1366680182 63 64.512 1.512
1366680784 63 64.287 1.287
1366681385 61 63.950 2.950
1366681986 61 63.612 2.612
1366682587 61 63.162 2.162
1366683188 61 62.712 1.712
1366683789 61 62.375 1.375
1366684391 61 62.150 1.150
1366684992 60 61.700 1.700
1366685594 60 61.475 1.475
1366686195 60 61.137 1.137
1366686796 54 61.025 7.025
1366687397 54 60.687 6.687
1366687999 54 60.575 6.575
1366688603 53 60.462 7.462
1366689204 53 60.350 7.350
1366689805 53 60.237 7.237
1366690407 53 60.125 7.125
1366691009 53 59.900 6.900
1366691611 53 59.787 6.787
1366692212 53 59.787 6.787
1366692813 53 59.675 6.675
1366693414 51 59.562 8.562
1366694015 51 59.450 8.450
1366694616 51 59.450 8.450
1366695217 51 59.337 8.337
1366695818 51 59.225 8.225
1366696419 51 59.225 8.225
1366697021 51 58.887 7.887
1366697622 51 58.775 7.775
1366698223 51 58.775 7.775
1366698824 51 58.662 7.662
1366699425 51 58.662 7.662
1366700026 51 58.325 7.325
1366700627 51 57.987 6.987
1366701228 48 57.425 9.425
1366701829 51 56.862 5.862
1366702430 51 56.412 5.412
1366703031 46 55.962 9.962
1366703632 46 55.962 9.962
1366704233 46 55.512 9.512
1366704834 43 55.625 12.625
1366705435 43 55.737 12.737
1366706036 40 55.287 15.287
1366706637 40 55.062 15.062
1366707238 40 55.175 15.175
1366707840 40 55.175 15.175
1366708441 40 54.837 14.837
1366709042  54.950 
1366709723 38 54.387 16.387
1366710324 38 54.500 16.500
1366710925 38 54.500 16.500
1366711526 38 54.500 16.500
1366712127 37 53.712 16.712
1366712728 38 53.937 15.937
1366713329 37 54.162 17.162
1366713930 37 54.275 17.275
1366714531 37 53.600 16.600
1366715132 37 53.712 16.712
1366715733 36 53.937 17.937
1366716334 37 53.937 16.937
1366716935 36 53.262 17.262
1366717536 36 53.600 17.600
1366718137 36 53.937 17.937
1366718738 36 53.375 17.375
1366719339 36 53.262 17.262
1366719940 36 53.487 17.487
1366720541 36 53.712 17.712
1366721142 36 53.375 17.375
1366721743 36 53.825 17.825
1366722344 36 54.275 18.275
1366722945 36 53.937 17.937
1366723547 36 54.162 18.162
1366724148 36 54.162 18.162
1366724749 36 54.275 18.275
1366725350 36 54.387 18.387
1366725951 36 54.162 18.162
1366726552 36 54.162 18.162
1366727153 36 54.275 18.275
1366727754 36 54.050 18.050
1366728355 36 53.712 17.712
1366728956 36 54.162 18.162
1366729557 36 53.937 17.937
1366730158 36 54.387 18.387
1366730759 36 53.937 17.937
1366731360 36 54.387 18.387
1366731961 36 54.387 18.387
1366732562 36 54.275 18.275
1366733163 36 54.387 18.387
1366733764 36 55.062 19.062
1366734365 36 55.062 19.062
1366734966 37 54.950 17.950
1366735567 37 55.512 18.512
1366736168 36 56.300 20.300
1366736769 37 56.750 19.750
1366737370 38 57.312 19.312
1366737971 37 57.762 20.762
1366738572 38 57.200 19.200
1366739173 38 56.637 18.637
1366739774 38 56.300 18.300
1366740375 38 56.637 18.637
1366740976 39 56.862 17.862
1366741577 39 57.087 18.087
1366742178 38 57.087 19.087
1366742779 39 57.200 18.200
1366743381 39 58.212 19.212
1366743982 39 58.887 19.887
1366744583 39 59.337 20.337
1366745184 39 59.112 20.112
1366745785 39 58.100 19.100
1366746386 39 57.425 18.425
1366746987 40 56.862 16.862
1366747588 40 56.750 16.750
1366748189 40 57.200 17.200
1366748791 40 57.650 17.650
1366749392 40 57.650 17.650
1366749993 40 57.537 17.537
1366750594 40 57.425 17.425
1366751195 40 57.537 17.537
1366751796 40 57.987 17.987
1366752397 40 58.100 18.100
1366752998 40 58.100 18.100
1366753599 40 57.987 17.987
1366754200 40 57.875 17.875
1366754802 40 57.537 17.537
1366755403 40 57.537 17.537
1366756004 41 57.200 16.200
1366756605 41 56.862 15.862
1366757206 41 56.525 15.525
1366757807 41 56.075 15.075
1366758408 41 55.850 14.850
1366759009 41 55.850 14.850
1366759610 41 55.737 14.737
1366760211 41 55.512 14.512
1366760812 41 55.062 14.062
1366761413 41 54.837 13.837
1366762014 41 54.612 13.612
1366762615 41 54.275 13.275
1366763216 41 54.162 13.162
1366763817 41 53.600 12.600
1366764419 41 52.362 11.362
1366765020 41 52.587 11.587
1366765621 41 52.925 11.925
1366766222 41 52.812 11.812
1366766823 41 52.587 11.587
1366767424 40 52.700 12.700
1366768025 40 52.362 12.362
1366768631 40 52.475 12.475
1366769232 40 52.475 12.475
1366769834 40 52.587 12.587
1366770435 39 52.362 13.362
1366771036 40 52.137 12.137
1366771637 39 52.250 13.250
1366772238 39 52.362 13.362
1366772839 39 52.025 13.025
1366773440 39 52.250 13.250
1366774041 39 51.800 12.800
1366774642 39 51.912 12.912
1366775243 39 52.137 13.137
1366775844 39 52.250 13.250
1366776445 39 51.687 12.687
1366777046 39 51.912 12.912
1366777647 37 51.462 14.462
1366778248 37 51.800 14.800
1366778853 37 51.687 14.687
1366779454 37 51.575 14.575
1366780055 37 51.800 14.800
1366780656 37 51.800 14.800
1366781257 37 51.012 14.012
1366781858 36 51.462 15.462
1366782459 36 51.687 15.687
1366783060 36 51.125 15.125
1366783661 36 51.237 15.237
1366784262 36 51.350 15.350
1366784863 36 51.350 15.350
1366785464 36 51.237 15.237
1366786065 36 51.237 15.237
1366786666 35 51.350 16.350
1366787267 35 51.350 16.350
1366787868 33 51.462 18.462
1366788469 33 51.687 18.687
1366789070 33 51.575 18.575
1366789671 33 51.237 18.237
1366790272 33 51.012 18.012
1366790873 33 51.462 18.462
1366791474 33 51.575 18.575
1366792075 33 51.350 18.350
1366792676 33 50.900 17.900
1366793277 33 50.900 17.900
1366793878 33 51.350 18.350
1366794479 32 51.012 19.012
1366795080 32 51.012 19.012
1366795681 32 51.237 19.237
1366796282 33 50.787 17.787
1366796883 32 51.237 19.237
1366797484 32 51.125 19.125
1366798085 31 50.675 19.675
1366798687 31 51.350 20.350
1366799288 32 50.675 18.675
1366799889 31 51.237 20.237
1366800490 31 51.462 20.462
1366801091 31 50.562 19.562
1366801692 31 51.012 20.012
1366802293 31 51.350 20.350
1366802894 31 51.462 20.462
1366803495 31 51.462 20.462
1366804096 29 50.787 21.787
1366804698 29 51.350 22.350
1366805299 29 50.675 21.675
1366805900 29 51.237 22.237
1366806501 29 51.237 22.237
1366807102 29 50.900 21.900
1366807703 29 51.012 22.012
1366808304 29 51.125 22.125
1366808905 29 51.575 22.575
1366809506 29 52.025 23.025
1366810107 29 52.587 23.587
1366810709 29 53.487 24.487
1366811310 32 54.612 22.612
1366811912 32 56.075 24.075
1366812513 32 58.100 26.100
1366813114 32 60.125 28.125
1366813715 32 62.375 30.375
1366814316 32 64.625 32.625
1366814917 32 66.425 34.425
1366815518 32 68.337 36.337
1366816119 32 70.025 38.025
1366816721 35 71.262 36.262
1366817322 35 72.050 37.050
1366817923 38 73.737 35.737
1366818524 38 75.200 37.200
1366819125 38 76.550 38.550
1366819726 38 77.787 39.787
1366820327 41 79.137 38.137
1366820928 41 80.487 39.487
1366821529 41 82.062 41.062
1366822130 41 82.962 41.962
1366822731 41 83.862 42.862
1366823332 44 84.425 40.425
1366823933 44 85.325 41.325
1366824534 41 86.000 45.000
1366825135 44 86.675 42.675
1366825736 44 87.350 43.350
1366826337 44 88.137 44.137
1366826938 44 89.037 45.037
1366827540 44 89.150 45.150
1366828141 44 89.262 45.262
1366828742 47 89.937 42.937
1366829343 47 89.712 42.712
1366829944 47 89.487 42.487
1366830545 47 89.825 42.825
1366831146 47 90.500 43.500
1366831747 49 89.825 40.825
1366832348 49 90.612 41.612
1366832949 49 91.287 42.287
1366833550 49 90.725 41.725
1366834151 49 90.050 41.050
1366834752 49 91.512 42.512
1366835353 49 91.962 42.962
1366835954 52 92.412 40.412
1366836555 52 92.750 40.750
1366837156 52 92.412 40.412
1366837757 53 90.500 37.500
1366838358 53 89.937 36.937
1366838959 52 89.037 37.037
1366839560 53 87.912 34.912
1366840161 53 86.337 33.337
1366840762 53 83.300 30.300
1366841363 53 80.712 27.712
1366841964 53 79.587 26.587
1366842565 53 79.250 26.250
1366843166 53 77.900 24.900
1366843767 53 76.100 23.100
1366844369 53 74.525 21.525
1366844970 53 72.500 19.500
1366845571 53 70.812 17.812
1366846172 53 69.575 16.575
1366846773 52 68.787 16.787
1366847374 52 68.337 16.337
1366847975 52 67.437 15.437
1366848576 52 66.875 14.875
1366849177 52 66.537 14.537
1366849778 52 65.637 13.637
1366850379 52 64.625 12.625
1366850980 52 63.950 11.950
1366851581 51 63.275 12.275
1366852182 51 62.712 11.712
1366852783 51 62.150 11.150
1366853384 48 61.812 13.812
1366853985 48 61.475 13.475
1366854586 48 61.137 13.137
1366855187 48 60.800 12.800
1366855788 48 60.462 12.462
1366856389 48 60.125 12.125
1366856990 48 60.012 12.012
1366857591 45 59.787 14.787
1366858192 45 59.675 14.675
1366858793 45 59.450 14.450
1366859394 45 59.000 14.000
1366859995 45 58.775 13.775
1366860596 46 58.437 12.437
1366861197 46 58.212 12.212
1366861798 46 57.987 11.987
1366862399 46 57.762 11.762
1366863000 46 57.875 11.875
1366863601 46 57.650 11.650
1366864202 43 57.312 14.312
1366864803 46 56.975 10.975
1366865404 46 56.975 10.975
1366866006 43 56.750 13.750
1366866607 43 56.975 13.975
1366867208 43 56.750 13.750
1366867809 43 56.637 13.637
1366868410 43 56.300 13.300
1366869011 43 56.412 13.412
1366869612 43 56.412 13.412
1366870213 43 56.187 13.187
1366870814 41 56.300 15.300
1366871416 41 55.850 14.850
1366872017 43 55.850 12.850
1366872618 41 55.175 14.175
1366873219 41 55.512 14.512
1366873820 41 55.625 14.625
1366874421 41 55.625 14.625
1366875022 41 54.725 13.725
1366875623 40 54.950 14.950
1366876224 40 55.287 15.287
1366876825 40 54.387 14.387
1366877426 40 54.500 14.500
1366878027 40 55.175 15.175
1366878628 40 53.712 13.712
1366879229 38 54.612 16.612
1366879830 38 54.950 16.950
1366880431 38 54.837 16.837
1366881032 38 54.950 16.950
1366881633 38 54.950 16.950
1366882234 35 54.725 19.725
1366882835 35 54.387 19.387
1366883436 35 54.050 19.050
1366884037 35 53.937 18.937
1366884638 35 54.500 19.500
1366885239 35 54.612 19.612
1366885840 33 54.050 21.050
1366886442 33 54.050 21.050
1366887043 33 54.500 21.500
1366887645 33 53.937 20.937
1366888246 33 54.275 21.275
1366888847 33 54.162 21.162
1366889448 32 53.600 21.600
1366890049 32 53.262 21.262
1366890650 32 54.050 22.050
1366891251 32 54.162 22.162
1366891853 32 54.050 22.050
1366892454 32 54.162 22.162
1366893055 32 54.162 22.162
1366893656 32 54.050 22.050
1366894257 32 53.937 21.937
1366894858 32 54.500 22.500
1366895459 35 54.500 19.500
1366896060 32 54.725 22.725
1366896661 35 55.400 20.400
1366897262 32 56.525 24.525
1366897864 32 57.875 25.875
1366898466 35 59.675 24.675
1366899067 35 61.700 26.700
1366899668 37 63.837 26.837
1366900269 35 66.087 31.087
1366900870 37 68.225 31.225
1366901471 37 70.250 33.250
1366902072 37 71.712 34.712
1366902673 37 73.287 36.287
1366903274 37 74.862 37.862
1366903875 40 76.437 36.437
1366904476 40 77.900 37.900
1366905077 40 79.137 39.137
1366905678 40 80.375 40.375
1366906279 40 81.837 41.837
1366906880 40 82.737 42.737
1366907481 40 83.637 43.637
1366908082 40 84.875 44.875
1366908683 43 85.887 42.887
1366909284 43 86.675 43.675
1366909885 47 87.575 40.575
1366910486 43 88.700 45.700
1366911087 43 89.150 46.150
1366911688 47 89.262 42.262
1366912289 47 90.275 43.275
1366912890 47 91.175 44.175
1366913491 49 92.075 43.075
1366914092 49 92.750 43.750
1366914693 47 93.200 46.200
1366915294 47 92.862 45.862
1366915895 49 92.750 43.750
1366916496 49 91.737 42.737
1366917097 51 83.075 32.075
1366917698 49 86.112 37.112
1366918299 51 88.700 37.700
1366918901 51 90.050 39.050
1366919502 49 92.075 43.075
1366920103 51 93.200 42.200
1366920704 51 93.762 42.762
1366921305 51 95.450 44.450
1366921906 52 96.125 44.125
1366922507 52 95.787 43.787
1366923108 52 95.562 43.562
1366923709 52 95.225 43.225
1366924310 52 94.550 42.550
1366924911 52 93.875 41.875
1366925512 54 93.200 39.200
1366926113 54 92.750 38.750
1366926714 54 90.725 36.725
1366927315 54 87.687 33.687
1366927916 54 85.437 31.437
1366928517 55 84.312 29.312
1366929118 54 83.412 29.412
1366929719 55 81.837 26.837
1366930320 55 80.262 25.262
1366930921 55 78.462 23.462
1366931522 55 76.212 21.212
1366932123 54 74.862 20.862
1366932724 54 73.850 19.850
1366933325 54 73.287 19.287
1366933926 54 72.612 18.612
1366934527 54 71.825 17.825
1366935128 54 71.262 17.262
1366935729 54 70.700 16.700
1366936330 54 70.025 16.025
1366936931 54 69.012 15.012
1366937533 54 68.225 14.225
1366938134 54 67.550 13.550
1366938735 54 66.762 12.762
1366939336 50 66.425 16.425
1366939937 54 65.750 11.750
1366940538 54 65.412 11.412
1366941139 54 64.962 10.962
1366941740 50 64.512 14.512
1366942341 50 64.175 14.175
1366942942 50 63.837 13.837
1366943543 50 63.387 13.387
1366944144 47 63.050 16.050
1366944745 47 62.825 15.825
1366945347 47 62.487 15.487
1366945948 47 62.150 15.150
1366946549 47 61.925 14.925
1366947150 47 61.587 14.587
1366947751 47 61.250 14.250
1366948352 46 61.025 15.025
1366948953 46 60.800 14.800
1366949554 46 60.687 14.687
1366950155 46 60.350 14.350
1366950756 45 60.237 15.237
1366951357 45 60.012 15.012
1366951958 45 59.562 14.562
1366952559 45 59.337 14.337
1366953160 45 58.887 13.887
1366953761 45 58.887 13.887
1366954362 45 58.662 13.662
1366954963 45 58.662 13.662
1366955564 45 58.100 13.100
1366956165 45 58.550 13.550
1366956766 45 57.987 12.987
1366957367 45 57.537 12.537
1366957968 45 57.987 12.987
1366958569 45 57.425 12.425
1366959170 45 57.537 12.537
1366959772 45 57.425 12.425
1366960373 45 57.875 12.875
1366960974 45 57.762 12.762
1366961575 46 57.537 11.537
1366962176 46 57.312 11.312
1366962777 46 57.650 11.650
1366963378 46 57.650 11.650
1366963979 46 57.312 11.312
1366964580 46 57.200 11.200
1366965181 46 57.312 11.312
1366965782 47 57.312 10.312
1366966383 47 57.312 10.312
1366966984 47 57.200 10.200
1366967585 47 57.200 10.200
1366968186 47 57.200 10.200
1366968787 47 57.087 10.087
1366969388 46 57.087 11.087
1366969989 46 56.975 10.975
1366970590 46 56.525 10.525
1366971191 46 56.412 10.412
1366971792 46 56.300 10.300
1366972393 47 56.525 9.525
1366972994 46 56.637 10.637
1366973595 46 56.637 10.637
1366974196 47 56.412 9.412
1366974797 47 56.412 9.412
1366975398 47 56.412 9.412
1366975999 47 56.750 9.750
1366976600 47 56.862 9.862
1366977201 47 56.975 9.975
1366977802 47 57.087 10.087
1366978403 47 57.312 10.312
1366979004 48 57.425 9.425
1366979605 48 57.650 9.650
1366980206 48 57.875 9.875
1366980807 48 58.100 10.100
1366981408 48 58.775 10.775
1366982009 48 59.675 11.675
1366982610 48 60.237 12.237
1366983212 49 60.687 11.687
1366983813 49 60.912 11.912
1366984414 49 61.362 12.362
1366985015 49 62.375 13.375
1366985616 49 65.412 16.412
1366986217 52 66.987 14.987
1366986818 52 67.775 15.775
1366987419 52 70.925 18.925
